WL	QE	DSig	MSig	Mcorr	RPI	DSD	MSD	RSD	GC
300.0	-1.1749E-1	-2.5558E-5	1.6201E-2	9.9443E-1	2.1511E-4	36.615	0.002	36.615	CA-CA-3-1
310.0	-7.2874E-2	-2.9873E-5	2.2141E-2	9.9714E-1	4.0759E-4	22.784	0.023	22.799	CA-CA-3-0
320.0	-4.8430E-2	-2.8336E-5	2.7100E-2	9.9773E-1	5.8244E-4	74.361	0.020	74.364	CA-CA-3-0
330.0	4.4502E-2	3.1886E-5	3.0852E-2	9.9884E-1	7.1485E-4	-22.250	0.010	-22.260	CA-CA-2-0
340.0	1.2073E-1	9.7538E-5	3.3707E-2	1.0003E+0	8.0832E-4	-4.665	0.016	-4.648	CA-CA-2-0
350.0	2.4598E-1	2.1330E-4	3.5134E-2	1.0015E+0	8.6973E-4	-1.696	0.001	-1.696	CA-CA-2-0
360.0	8.3874E-1	7.1966E-4	3.2914E-2	1.0028E+0	8.6282E-4	-1.360	0.018	-1.341	CA-CA-2-0
370.0	2.6676E+0	1.7266E-3	2.4529E-2	1.0080E+0	6.5764E-4	-0.039	0.060	-0.021	CA-CA-2-0
380.0	7.2152E+0	7.7642E-3	4.4656E-2	1.0007E+0	1.0777E-3	-0.124	0.034	-0.090	CA-B-2-0
390.0	1.2593E+1	1.5382E-2	5.5212E-2	1.0016E+0	1.2254E-3	-0.037	0.041	-0.004	CA-B-2-0
400.0	1.7066E+1	2.4045E-2	6.9072E-2	1.0028E+0	1.4168E-3	-0.042	0.003	-0.039	CA-B-2-0
410.0	2.0316E+1	2.9771E-2	7.6812E-2	1.0047E+0	1.4791E-3	-0.017	0.015	-0.002	CA-B-2-0
420.0	2.2874E+1	3.4696E-2	8.3768E-2	1.0049E+0	1.5319E-3	-0.049	0.017	-0.032	CA-B-2-0
430.0	2.5174E+1	3.8207E-2	8.7573E-2	1.0062E+0	1.5366E-3	-0.006	0.028	-0.034	CA-B-2-0
440.0	2.7657E+1	4.3624E-2	9.5057E-2	1.0057E+0	1.5954E-3	-0.021	0.003	-0.017	B-B-2-0
450.0	3.0337E+1	5.0115E-2	1.0330E-1	1.0046E+0	1.6671E-3	-0.004	0.026	-0.021	B-B-2-0
460.0	3.3471E+1	5.9041E-2	1.1396E-1	1.0064E+0	1.7867E-3	-0.079	0.002	-0.076	B-B-2-0
470.0	3.7504E+1	8.1353E-2	1.4425E-1	1.0051E+0	2.1913E-3	-0.022	0.013	-0.035	B-B-2-0
480.0	4.2342E+1	7.4680E-2	1.2074E-1	1.0095E+0	1.7974E-3	-0.072	0.060	-0.012	B-B-2-0
490.0	4.6538E+1	7.9812E-2	1.2030E-1	1.0091E+0	1.7462E-3	-0.051	0.013	-0.064	B-B-2-0
500.0	4.8590E+1	8.0532E-2	1.1880E-1	1.0092E+0	1.6879E-3	-0.031	0.015	-0.016	B-B-2-0
510.0	4.9329E+1	7.8332E-2	1.1610E-1	1.0077E+0	1.6126E-3	-0.063	0.003	-0.066	B-B-2-0
520.0	4.9871E+1	7.7838E-2	1.1608E-1	1.0076E+0	1.5846E-3	-0.025	0.006	-0.019	B-B-2-0
530.0	5.0870E+1	7.7361E-2	1.1497E-1	1.0074E+0	1.5434E-3	-0.024	0.011	-0.013	B-B-2-0
540.0	5.2208E+1	7.7528E-2	1.1447E-1	1.0075E+0	1.5072E-3	-0.009	0.024	-0.016	B-B-2-0
550.0	5.3726E+1	7.6132E-2	1.1046E-1	1.0081E+0	1.4400E-3	-0.055	0.014	-0.041	B-B-2-0
560.0	5.5079E+1	7.3116E-2	1.0452E-1	1.0080E+0	1.3487E-3	-0.042	0.010	-0.051	B-B-2-0
570.0	5.6110E+1	6.8575E-2	9.7325E-2	1.0080E+0	1.2419E-3	-0.030	0.011	-0.019	B-B-2-0
580.0	5.6192E+1	7.6938E-2	1.1032E-1	1.0090E+0	1.3940E-3	-0.075	0.007	-0.068	B-B-2-0
590.0	5.5852E+1	7.4442E-2	1.0848E-1	1.0090E+0	1.3569E-3	-0.071	0.004	-0.075	B-B-2-0
600.0	5.3813E+1	8.1628E-2	8.8488E-2	1.0088E+0	1.5436E-3	-0.045	0.017	-0.028	B-B-2-0
610.0	5.2525E+1	8.6700E-2	9.7867E-2	1.0077E+0	1.6762E-3	-0.022	0.021	-0.001	B-B-2-0
620.0	5.1053E+1	9.2957E-2	1.0964E-1	1.0071E+0	1.8468E-3	-0.035	0.004	-0.039	B-B-2-0
630.0	4.9529E+1	9.6892E-2	1.1951E-1	1.0070E+0	1.9837E-3	-0.071	0.015	-0.056	B-B-2-0
640.0	4.8234E+1	9.9232E-2	1.2727E-1	1.0070E+0	2.0860E-3	-0.075	0.031	-0.044	B-B-2-0
650.0	4.7073E+1	1.0459E-1	1.3675E-1	1.0065E+0	2.2507E-3	-0.003	0.017	-0.020	B-B-2-0
660.0	4.6315E+1	1.0113E-1	1.3533E-1	1.0069E+0	2.2135E-3	-0.049	0.022	-0.027	B-B-2-0
670.0	4.5700E+1	1.0511E-1	1.4558E-1	1.0061E+0	2.3283E-3	-0.010	0.014	-0.004	B-B-2-0
680.0	4.5249E+1	1.1102E-1	1.6127E-1	1.0061E+0	2.4835E-3	-0.000	0.034	-0.034	B-B-2-0
690.0	4.4897E+1	1.1663E-1	1.7151E-1	1.0062E+0	2.6299E-3	-0.063	0.010	-0.053	B-B-2-0
700.0	4.4859E+1	1.0565E-1	1.5516E-1	1.0071E+0	2.3886E-3	-0.024	0.011	-0.035	B-B-2-0
710.0	4.4856E+1	1.0337E-1	1.5209E-1	1.0057E+0	2.3311E-3	-0.002	0.029	-0.027	B-B-2-0
720.0	4.4669E+1	1.0909E-1	1.6287E-1	1.0070E+0	2.4767E-3	-0.047	0.023	-0.024	B-B-2-0
730.0	4.4606E+1	1.0602E-1	1.6191E-1	1.0047E+0	2.3993E-3	-0.040	0.013	-0.053	B-B-2-0
740.0	4.4248E+1	1.1076E-1	1.7509E-1	1.0068E+0	2.5371E-3	-0.007	0.014	-0.008	B-B-2-0
750.0	4.3876E+1	1.0811E-1	1.7747E-1	1.0050E+0	2.4887E-3	-0.007	0.000	-0.007	B-B-2-0
760.0	4.3363E+1	1.0364E-1	1.7715E-1	1.0039E+0	2.4089E-3	-0.030	0.006	-0.036	B-B-2-0
770.0	4.2285E+1	1.2291E-1	2.2062E-1	1.0143E+0	2.9908E-3	-0.007	0.030	-0.038	B-B-2-0
780.0	4.1927E+1	8.3869E-2	1.5602E-1	1.0036E+0	2.0147E-3	-0.057	0.016	-0.041	B-B-2-0
790.0	4.0658E+1	8.7718E-2	1.7181E-1	9.9937E-1	2.1547E-3	-0.062	0.029	-0.033	B-B-2-0
800.0	3.9328E+1	8.8248E-2	1.8173E-1	1.0005E+0	2.2460E-3	-0.019	0.019	-0.038	B-B-2-0
810.0	3.8041E+1	7.9804E-2	1.7271E-1	1.0007E+0	2.1006E-3	-0.016	0.005	-0.022	B-B-2-0
820.0	3.5708E+1	1.1951E-1	2.7704E-1	9.9078E-1	3.2853E-3	-0.114	0.101	-0.013	B-B-2-0
830.0	3.1540E+1	3.7237E-1	9.8683E-1	1.0147E+0	1.2156E-2	-0.109	0.084	-0.025	B-A-2-0
840.0	3.2501E+1	1.5168E-1	3.9776E-1	1.0405E+0	5.0526E-3	-0.092	0.063	-0.028	B-B-2-0
850.0	3.1038E+1	6.2152E-2	1.6700E-1	1.0051E+0	2.0229E-3	-0.010	0.026	-0.016	B-B-2-0
860.0	2.8857E+1	5.7607E-2	1.6501E-1	1.0012E+0	2.0011E-3	-0.007	0.006	-0.014	B-B-2-0
870.0	2.6016E+1	7.8783E-2	2.4618E-1	1.0006E+0	3.0322E-3	-0.093	0.042	-0.050	B-B-2-0
880.0	2.2095E+1	2.0567E-1	7.5033E-1	9.7620E-1	8.8705E-3	-0.180	0.214	-0.034	B-A-2-0
890.0	2.0082E+1	2.1545E-1	8.5205E-1	1.0191E+0	1.1142E-2	-0.102	0.082	-0.020	B-A-2-0
900.0	1.8036E+1	2.0961E-1	9.0510E-1	1.0218E+0	1.2133E-2	-0.078	0.067	-0.011	B-A-2-0
910.0	1.6444E+1	1.7097E-1	7.9580E-1	1.0203E+0	1.0823E-2	-0.166	0.155	-0.011	B-A-2-0
920.0	1.4003E+1	2.8558E-1	1.5153E+0	1.0179E+0	2.1133E-2	-0.216	0.122	-0.094	B-A-2-0
930.0	1.3786E+1	8.4787E-2	4.5482E-1	1.0111E+0	6.2875E-3	-0.007	0.021	-0.028	B-A-2-0
940.0	1.2023E+1	1.1307E-1	6.6762E-1	1.0021E+0	9.4453E-3	-0.048	0.037	-0.012	B-A-2-0
950.0	1.0657E+1	1.2189E-1	8.0016E-1	1.0066E+0	1.1589E-2	-0.028	0.016	-0.012	B-A-2-0
960.0	9.8676E+0	7.5148E-2	5.2792E-1	1.0152E+0	7.8489E-3	-0.074	0.035	-0.039	B-A-2-0
970.0	8.7543E+0	6.5939E-2	5.0714E-1	1.0029E+0	7.5756E-3	-0.031	0.016	-0.048	B-A-2-0
980.0	6.9795E+0	1.7136E-1	1.5648E+0	9.9600E-1	2.4356E-2	-0.022	0.067	-0.046	B-A-2-0
990.0	6.2616E+0	8.4663E-2	8.2849E-1	9.8958E-1	1.3241E-2	-0.023	0.067	-0.043	B-A-2-0
1000.0	5.2586E+0	6.3763E-2	7.0765E-1	1.0177E+0	1.2558E-2	-0.077	0.083	-0.005	B-A-2-0
1010.0	4.1713E+0	2.8927E-2	3.7137E-1	1.0061E+0	7.0190E-3	-0.046	0.007	-0.039	CA-B-2-0
1020.0	3.0092E+0	2.1232E-2	3.4562E-1	1.0144E+0	7.2604E-3	-0.138	0.039	-0.099	CA-B-2-0
1030.0	2.0681E+0	9.1341E-3	1.9326E-1	1.0100E+0	4.5050E-3	-0.059	0.006	-0.053	CA-B-2-0
1040.0	1.3223E+0	5.2362E-3	1.4952E-1	1.0074E+0	4.0187E-3	-0.095	0.021	-0.116	CA-B-2-0
1050.0	8.0637E-1	3.5152E-3	1.3711E-1	1.0009E+0	4.3672E-3	-0.237	0.010	-0.246	CA-B-2-0
1060.0	5.0456E-1	2.1410E-3	1.0661E-1	1.0044E+0	4.2807E-3	-0.165	0.020	-0.145	CA-B-2-0
1070.0	3.3586E-1	1.1778E-3	7.0726E-2	9.9903E-1	3.5002E-3	-1.128	0.008	-1.121	CA-B-2-0
1080.0	2.1943E-1	9.9646E-4	7.4293E-2	9.9170E-1	4.4661E-3	-0.596	0.050	-0.646	CA-B-2-0
1090.0	1.6236E-1	8.0539E-4	6.5704E-2	9.9274E-1	4.8886E-3	-0.543	0.006	-0.550	CA-B-2-0
1100.0	1.5209E-1	4.8105E-4	3.2684E-2	9.9382E-1	3.1240E-3	-0.196	0.033	-0.163	CA-CA-2-0
end data
Jsc [mA/cm2]:  14.25	12.79	16.86
Bandgap [eV]:  1.367
Power Mode Calibration
Monitor Corrections:  On
Chopping Frequency [Hz]:  49.99
Light Bias Current [mA]:  0.02
Voltage Bias [V]:  0.00
Meas Period: [s]:  0.5
Readings per WL :  3
Scan Duration [s]:  127
Calibration Info:  Sat, Jan 01, 2005 12:35 AM


Device ID:  
