WL	QE	DSig	MSig	Mcorr	RPI	DSD	MSD	RSD	GC
300.0	3.4038E-1	7.4053E-5	1.6204E-2	9.9424E-1	2.1507E-4	-0.302	0.019	-0.321	CA-CA-2-0
310.0	3.2646E-1	1.3382E-4	2.2140E-2	9.9717E-1	4.0760E-4	-3.543	0.015	-3.558	CA-CA-2-0
320.0	3.3118E-1	1.9382E-4	2.7105E-2	9.9749E-1	5.8230E-4	-0.227	0.041	-0.186	CA-CA-2-0
330.0	3.6179E-1	2.5912E-4	3.0839E-2	9.9922E-1	7.1512E-4	-0.072	0.046	-0.118	CA-CA-2-0
340.0	4.2945E-1	3.4720E-4	3.3731E-2	9.9955E-1	8.0774E-4	-1.752	0.035	-1.717	CA-CA-2-0
350.0	6.3154E-1	5.4789E-4	3.5149E-2	1.0011E+0	8.6936E-4	-0.559	0.027	-0.586	CA-CA-2-0
360.0	1.2142E+0	1.0421E-3	3.2923E-2	1.0025E+0	8.6259E-4	-0.243	0.003	-0.246	CA-CA-2-0
370.0	2.9517E+0	1.9114E-3	2.4541E-2	1.0075E+0	6.5731E-4	-0.004	0.013	-0.017	CA-CA-2-0
380.0	7.0406E+0	7.5781E-3	4.4667E-2	1.0005E+0	1.0774E-3	-0.092	0.032	-0.124	CA-B-2-0
390.0	1.2079E+1	1.4763E-2	5.5243E-2	1.0010E+0	1.2247E-3	-0.037	0.006	-0.044	CA-B-2-0
400.0	1.6450E+1	2.3186E-2	6.9099E-2	1.0024E+0	1.4163E-3	-0.067	0.008	-0.059	CA-B-2-0
410.0	1.9670E+1	2.8848E-2	7.6871E-2	1.0039E+0	1.4779E-3	-0.004	0.029	-0.033	CA-B-2-0
420.0	2.2466E+1	3.4072E-2	8.3757E-2	1.0051E+0	1.5321E-3	-0.028	0.017	-0.045	CA-B-2-0
430.0	2.5225E+1	3.8283E-2	8.7570E-2	1.0062E+0	1.5366E-3	-0.022	0.026	-0.004	CA-B-2-0
440.0	2.8175E+1	4.4449E-2	9.5078E-2	1.0055E+0	1.5950E-3	-0.061	0.037	-0.024	B-B-2-0
450.0	3.1408E+1	5.1925E-2	1.0338E-1	1.0038E+0	1.6658E-3	-0.005	0.003	-0.002	B-B-2-0
460.0	3.5430E+1	6.2551E-2	1.1406E-1	1.0055E+0	1.7851E-3	-0.028	0.030	-0.002	B-B-2-0
470.0	4.1065E+1	8.9159E-2	1.4439E-1	1.0042E+0	2.1893E-3	-0.060	0.052	-0.008	B-B-2-0
480.0	4.8005E+1	8.4720E-2	1.2081E-1	1.0089E+0	1.7963E-3	-0.034	0.010	-0.024	B-B-2-0
490.0	5.4353E+1	9.3258E-2	1.2036E-1	1.0086E+0	1.7454E-3	-0.093	0.075	-0.018	B-B-2-0
500.0	5.8565E+1	9.6903E-2	1.1861E-1	1.0108E+0	1.6907E-3	-0.192	0.218	-0.026	B-B-2-0
510.0	6.1327E+1	9.7494E-2	1.1623E-1	1.0066E+0	1.6108E-3	-0.038	0.027	-0.011	B-B-2-0
520.0	6.3550E+1	9.9370E-2	1.1630E-1	1.0058E+0	1.5817E-3	-0.051	0.047	-0.004	B-B-2-0
530.0	6.5552E+1	9.9895E-2	1.1521E-1	1.0053E+0	1.5402E-3	-0.037	0.035	-0.002	B-B-2-0
540.0	6.7171E+1	9.9854E-2	1.1460E-1	1.0064E+0	1.5056E-3	-0.005	0.006	-0.010	B-B-2-0
550.0	6.8352E+1	9.6985E-2	1.1061E-1	1.0068E+0	1.4381E-3	-0.026	0.036	-0.010	B-B-2-0
560.0	6.8902E+1	9.1609E-2	1.0469E-1	1.0064E+0	1.3466E-3	-0.001	0.005	-0.004	B-B-2-0
570.0	6.9014E+1	8.4530E-2	9.7538E-2	1.0058E+0	1.2392E-3	-0.000	0.004	-0.004	B-B-2-0
580.0	6.8791E+1	9.4312E-2	1.1046E-1	1.0077E+0	1.3921E-3	-0.023	0.032	-0.009	B-B-2-0
590.0	6.8382E+1	9.1296E-2	1.0867E-1	1.0073E+0	1.3547E-3	-0.014	0.021	-0.006	B-B-2-0
600.0	6.8057E+1	1.0341E-1	8.8636E-2	1.0071E+0	1.5410E-3	-0.028	0.017	-0.011	B-B-2-0
610.0	6.7809E+1	1.1205E-1	9.7972E-2	1.0066E+0	1.6744E-3	-0.020	0.014	-0.005	B-B-2-0
620.0	6.7701E+1	1.2331E-1	1.0968E-1	1.0068E+0	1.8462E-3	-0.015	0.015	-0.000	B-B-2-0
630.0	6.7831E+1	1.3273E-1	1.1954E-1	1.0067E+0	1.9831E-3	-0.023	0.026	-0.004	B-B-2-0
640.0	6.8200E+1	1.4032E-1	1.2728E-1	1.0069E+0	2.0858E-3	-0.010	0.013	-0.004	B-B-2-0
650.0	6.8757E+1	1.5277E-1	1.3676E-1	1.0065E+0	2.2506E-3	-0.001	0.006	-0.004	B-B-2-0
660.0	6.9438E+1	1.5166E-1	1.3537E-1	1.0066E+0	2.2129E-3	-0.043	0.045	-0.002	B-B-2-0
670.0	7.0201E+1	1.6156E-1	1.4568E-1	1.0055E+0	2.3268E-3	-0.023	0.024	-0.001	B-B-2-0
680.0	7.0974E+1	1.7414E-1	1.6128E-1	1.0061E+0	2.4835E-3	-0.008	0.012	-0.004	B-B-2-0
690.0	7.1697E+1	1.8622E-1	1.7148E-1	1.0063E+0	2.6304E-3	-0.007	0.012	-0.005	B-B-2-0
700.0	7.2351E+1	1.7033E-1	1.5510E-1	1.0075E+0	2.3896E-3	-0.023	0.021	-0.002	B-B-2-0
710.0	7.2816E+1	1.6792E-1	1.5220E-1	1.0050E+0	2.3295E-3	-0.022	0.025	-0.003	B-B-2-0
720.0	7.3016E+1	1.7833E-1	1.6288E-1	1.0070E+0	2.4766E-3	-0.019	0.019	-0.001	B-B-2-0
730.0	7.2978E+1	1.7365E-1	1.6210E-1	1.0035E+0	2.3965E-3	-0.051	0.051	-0.000	B-B-2-0
740.0	7.2672E+1	1.8209E-1	1.7526E-1	1.0058E+0	2.5346E-3	-0.018	0.023	-0.005	B-B-2-0
750.0	7.2170E+1	1.7802E-1	1.7767E-1	1.0039E+0	2.4859E-3	-0.003	0.003	0.000	B-B-2-0
760.0	7.1443E+1	1.7106E-1	1.7745E-1	1.0022E+0	2.4047E-3	-0.008	0.008	-0.000	B-B-2-0
770.0	7.0465E+1	2.0475E-1	2.2053E-1	1.0147E+0	2.9919E-3	-0.042	0.039	-0.004	B-B-2-0
780.0	6.9526E+1	1.3925E-1	1.5622E-1	1.0023E+0	2.0122E-3	-0.010	0.010	-0.001	B-B-2-0
790.0	6.8305E+1	1.4788E-1	1.7240E-1	9.9592E-1	2.1473E-3	-0.030	0.033	-0.003	B-B-2-0
800.0	6.6970E+1	1.5051E-1	1.8201E-1	9.9892E-1	2.2426E-3	-0.038	0.040	-0.002	B-B-2-0
810.0	6.5619E+1	1.3793E-1	1.7306E-1	9.9865E-1	2.0964E-3	-0.032	0.027	-0.005	B-B-2-0
820.0	6.3844E+1	2.1500E-1	2.7877E-1	9.8465E-1	3.2650E-3	-0.082	0.092	-0.010	B-B-2-0
830.0	6.1066E+1	7.2033E-1	9.8597E-1	1.0156E+0	1.2166E-2	-0.089	0.082	-0.007	A-A-2-0
840.0	6.1897E+1	2.8803E-1	3.9661E-1	1.0435E+0	5.0672E-3	-0.081	0.077	-0.004	B-B-2-0
850.0	5.8850E+1	1.1746E-1	1.6646E-1	1.0084E+0	2.0295E-3	-0.048	0.051	-0.003	B-B-2-0
860.0	5.6506E+1	1.1246E-1	1.6451E-1	1.0043E+0	2.0072E-3	-0.033	0.037	-0.004	B-B-2-0
870.0	5.3503E+1	1.6179E-1	2.4582E-1	1.0021E+0	3.0366E-3	-0.019	0.035	-0.017	B-B-2-0
880.0	4.9304E+1	4.6124E-1	7.5409E-1	9.7133E-1	8.8262E-3	-0.214	0.232	-0.018	A-A-2-0
890.0	4.6137E+1	4.9168E-1	8.4635E-1	1.0260E+0	1.1217E-2	-0.090	0.081	-0.009	A-A-2-0
900.0	4.2582E+1	4.9284E-1	9.0137E-1	1.0260E+0	1.2183E-2	-0.108	0.102	-0.006	A-A-2-0
910.0	3.9357E+1	4.0589E-1	7.8938E-1	1.0286E+0	1.0911E-2	-0.176	0.168	-0.008	A-A-2-0
920.0	3.5300E+1	7.1442E-1	1.5037E+0	1.0258E+0	2.1295E-2	-0.159	0.151	-0.008	A-A-2-0
930.0	3.3360E+1	2.0405E-1	4.5235E-1	1.0166E+0	6.3218E-3	-0.021	0.019	-0.002	B-A-2-0
940.0	3.0168E+1	2.8296E-1	6.6581E-1	1.0049E+0	9.4709E-3	-0.047	0.058	-0.012	B-A-2-0
950.0	2.7496E+1	3.1299E-1	7.9638E-1	1.0114E+0	1.1644E-2	-0.004	0.014	-0.010	B-A-2-0
960.0	2.5464E+1	1.9246E-1	5.2395E-1	1.0229E+0	7.9084E-3	-0.013	0.012	-0.001	B-A-2-0
970.0	2.3000E+1	1.7244E-1	5.0482E-1	1.0075E+0	7.6104E-3	-0.026	0.028	-0.002	B-A-2-0
980.0	1.9619E+1	4.8118E-1	1.5632E+0	9.9700E-1	2.4380E-2	-0.029	0.047	-0.018	A-A-2-0
990.0	1.7248E+1	2.3194E-1	8.2396E-1	9.9502E-1	1.3313E-2	-0.068	0.070	-0.002	B-A-2-0
1000.0	1.4485E+1	1.7385E-1	7.0043E-1	1.0281E+0	1.2687E-2	-0.098	0.098	-0.000	B-A-2-0
1010.0	1.1186E+1	7.7243E-2	3.6980E-1	1.0103E+0	7.0489E-3	-0.038	0.036	-0.002	B-B-2-0
1020.0	7.9603E+0	5.5859E-2	3.4373E-1	1.0200E+0	7.3004E-3	-0.052	0.038	-0.014	B-B-2-0
1030.0	5.2183E+0	2.2981E-2	1.9270E-1	1.0129E+0	4.5180E-3	-0.022	0.011	-0.011	CA-B-2-0
1040.0	3.1620E+0	1.2486E-2	1.4910E-1	1.0103E+0	4.0302E-3	-0.025	0.011	-0.014	CA-B-2-0
1050.0	1.8099E+0	7.8725E-3	1.3680E-1	1.0031E+0	4.3769E-3	-0.056	0.016	-0.071	CA-B-2-0
1060.0	1.0341E+0	4.3765E-3	1.0633E-1	1.0070E+0	4.2920E-3	-0.133	0.037	-0.096	CA-B-2-0
1070.0	6.1470E-1	2.1486E-3	7.0492E-2	1.0023E+0	3.5118E-3	-0.082	0.021	-0.061	CA-B-2-0
1080.0	3.6037E-1	1.6308E-3	7.4034E-2	9.9517E-1	4.4817E-3	-0.317	0.007	-0.310	CA-B-2-0
1090.0	2.2992E-1	1.1347E-3	6.5368E-2	9.9785E-1	4.9138E-3	-0.199	0.009	-0.208	CA-B-2-0
1100.0	1.8051E-1	5.6725E-4	3.2472E-2	1.0003E+0	3.1444E-3	-0.105	0.013	-0.093	CA-CA-2-0
end data
Jsc [mA/cm2]:  21.41	19.34	25.20
Bandgap [eV]:  1.274
Power Mode Calibration
Monitor Corrections:  On
Chopping Frequency [Hz]:  50.00
Light Bias Current [mA]:  0.02
Voltage Bias [V]:  0.00
Meas Period: [s]:  0.5
Readings per WL :  3
Scan Duration [s]:  125
Calibration Info:  Sat, Jan 01, 2005 12:35 AM


Device ID:  Mo_200Sb_25Se.txt
