WL	QE	DSig	MSig	Mcorr	RPI	DSD	MSD	RSD	GC
300.0	5.4639E-2	1.1893E-5	1.6210E-2	9.9380E-1	2.1497E-4	67.547	0.080	67.506	CA-CA-3-0
310.0	6.9845E-2	2.8676E-5	2.2176E-2	9.9557E-1	4.0694E-4	9.892	0.026	9.909	CA-CA-3-0
320.0	5.4848E-2	3.2113E-5	2.7117E-2	9.9703E-1	5.8203E-4	13.804	0.032	13.779	CA-CA-3-0
330.0	2.1915E-2	1.5719E-5	3.0885E-2	9.9778E-1	7.1409E-4	108.905	0.007	108.902	CA-CA-3-1
340.0	-3.1890E-4	-2.5811E-7	3.3752E-2	9.9842E-1	8.0682E-4	1652.726	0.022	1653.644	CA-CA-3-1
350.0	1.8456E-1	1.6023E-4	3.5174E-2	1.0003E+0	8.6874E-4	6.380	0.023	6.386	CA-CA-3-0
360.0	5.4498E-1	4.6801E-4	3.2942E-2	1.0019E+0	8.6207E-4	2.273	0.019	2.261	CA-CA-3-1
370.0	1.7309E+0	1.1222E-3	2.4571E-2	1.0063E+0	6.5652E-4	0.418	0.023	0.426	CA-CA-3-2
380.0	4.6014E+0	4.9550E-3	4.4688E-2	1.0000E+0	1.0769E-3	0.108	0.032	0.084	CA-B-3-1
390.0	7.8089E+0	9.5445E-3	5.5248E-2	1.0009E+0	1.2246E-3	0.008	0.022	0.013	CA-B-2-0
400.0	1.0678E+1	1.5048E-2	6.9088E-2	1.0025E+0	1.4165E-3	0.077	0.019	0.058	CA-B-3-1
410.0	1.2991E+1	1.9040E-2	7.6824E-2	1.0045E+0	1.4789E-3	0.107	0.048	0.112	CA-B-3-0
420.0	1.4702E+1	2.2302E-2	8.3774E-2	1.0049E+0	1.5318E-3	0.078	0.017	0.066	CA-B-3-0
430.0	1.6119E+1	2.4469E-2	8.7588E-2	1.0060E+0	1.5363E-3	0.024	0.013	0.017	CA-B-3-0
440.0	1.7690E+1	2.7910E-2	9.5083E-2	1.0054E+0	1.5949E-3	0.069	0.015	0.057	CA-B-3-0
450.0	1.9756E+1	3.2661E-2	1.0338E-1	1.0038E+0	1.6658E-3	0.034	0.025	0.052	CA-B-3-0
460.0	2.2707E+1	4.0056E-2	1.1397E-1	1.0064E+0	1.7866E-3	0.008	0.025	0.033	B-B-2-0
470.0	2.7235E+1	5.9136E-2	1.4440E-1	1.0041E+0	2.1891E-3	0.005	0.009	0.004	B-B-2-0
480.0	3.2977E+1	5.8179E-2	1.2077E-1	1.0092E+0	1.7969E-3	0.021	0.013	0.020	B-B-3-0
490.0	3.7625E+1	6.4549E-2	1.2035E-1	1.0087E+0	1.7455E-3	0.066	0.010	0.071	B-B-3-0
500.0	3.9541E+1	6.5526E-2	1.1879E-1	1.0093E+0	1.6881E-3	0.001	0.010	0.009	B-B-2-0
510.0	4.0047E+1	6.3573E-2	1.1606E-1	1.0080E+0	1.6131E-3	0.003	0.003	0.006	B-B-2-0
520.0	4.0471E+1	6.3146E-2	1.1605E-1	1.0079E+0	1.5851E-3	0.053	0.043	0.038	B-B-3-0
530.0	4.1348E+1	6.2883E-2	1.1497E-1	1.0074E+0	1.5433E-3	0.022	0.011	0.033	B-B-3-0
540.0	4.2624E+1	6.3258E-2	1.1440E-1	1.0081E+0	1.5082E-3	0.007	0.024	0.031	B-B-3-1
550.0	4.4165E+1	6.2577E-2	1.1045E-1	1.0082E+0	1.4402E-3	0.081	0.019	0.069	B-B-3-1
560.0	4.5684E+1	6.0640E-2	1.0451E-1	1.0081E+0	1.3488E-3	0.037	0.009	0.028	B-B-3-0
570.0	4.6976E+1	5.7440E-2	9.7373E-2	1.0075E+0	1.2413E-3	0.036	0.019	0.041	B-B-3-1
580.0	4.7380E+1	6.4904E-2	1.1037E-1	1.0085E+0	1.3933E-3	0.010	0.009	0.001	B-B-2-0
590.0	4.7516E+1	6.3368E-2	1.0855E-1	1.0084E+0	1.3562E-3	0.007	0.015	0.008	B-B-2-0
600.0	4.7277E+1	7.1765E-2	8.8551E-2	1.0080E+0	1.5425E-3	0.001	0.004	0.005	B-B-2-0
610.0	4.6614E+1	7.6988E-2	9.7926E-2	1.0071E+0	1.6752E-3	0.031	0.008	0.029	B-B-3-0
620.0	4.5858E+1	8.3515E-2	1.0966E-1	1.0069E+0	1.8465E-3	0.006	0.005	0.011	B-B-2-0
630.0	4.5104E+1	8.8207E-2	1.1947E-1	1.0073E+0	1.9843E-3	0.038	0.015	0.028	B-B-3-0
640.0	4.4543E+1	9.1655E-2	1.2729E-1	1.0068E+0	2.0856E-3	0.005	0.011	0.007	B-B-3-2
650.0	4.4179E+1	9.8172E-2	1.3678E-1	1.0063E+0	2.2503E-3	0.027	0.013	0.023	B-B-3-0
660.0	4.4015E+1	9.6074E-2	1.3529E-1	1.0072E+0	2.2141E-3	0.006	0.006	0.000	B-B-2-0
670.0	4.4097E+1	1.0143E-1	1.4559E-1	1.0061E+0	2.3282E-3	0.002	0.016	0.014	B-B-2-0
680.0	4.4350E+1	1.0883E-1	1.6130E-1	1.0059E+0	2.4832E-3	0.010	0.007	0.003	B-B-2-0
690.0	4.4791E+1	1.1632E-1	1.7145E-1	1.0065E+0	2.6308E-3	0.007	0.009	0.001	B-B-2-0
700.0	4.5373E+1	1.0681E-1	1.5508E-1	1.0076E+0	2.3899E-3	0.008	0.016	0.008	B-B-2-0
710.0	4.6063E+1	1.0627E-1	1.5227E-1	1.0046E+0	2.3284E-3	0.111	0.097	0.019	B-B-3-0
720.0	4.6677E+1	1.1404E-1	1.6293E-1	1.0066E+0	2.4757E-3	0.022	0.020	0.003	B-B-3-1
730.0	4.7329E+1	1.1266E-1	1.6216E-1	1.0032E+0	2.3956E-3	0.012	0.005	0.010	B-B-3-1
740.0	4.7786E+1	1.1966E-1	1.7515E-1	1.0064E+0	2.5362E-3	0.027	0.019	0.008	B-B-3-0
750.0	4.8148E+1	1.1877E-1	1.7767E-1	1.0039E+0	2.4859E-3	0.001	0.011	0.010	B-B-2-0
760.0	4.8317E+1	1.1572E-1	1.7750E-1	1.0019E+0	2.4040E-3	0.006	0.004	0.002	B-B-2-0
770.0	4.8105E+1	1.3942E-1	2.1997E-1	1.0173E+0	2.9995E-3	0.041	0.050	0.010	B-B-3-1
780.0	4.8057E+1	9.6245E-2	1.5621E-1	1.0024E+0	2.0123E-3	0.002	0.004	0.001	B-B-2-0
790.0	4.7684E+1	1.0330E-1	1.7252E-1	9.9525E-1	2.1459E-3	0.028	0.008	0.022	B-B-3-1
800.0	4.6997E+1	1.0576E-1	1.8225E-1	9.9759E-1	2.2396E-3	0.002	0.010	0.011	B-B-3-2
810.0	4.6024E+1	9.6773E-2	1.7311E-1	9.9836E-1	2.0958E-3	0.021	0.016	0.015	B-B-3-0
820.0	4.5235E+1	1.5365E-1	2.8117E-1	9.7624E-1	3.2371E-3	0.067	0.056	0.019	B-B-3-1
830.0	4.3511E+1	5.0998E-1	9.7968E-1	1.0221E+0	1.2244E-2	0.031	0.026	0.004	A-A-3-2
840.0	4.3571E+1	2.0233E-1	3.9579E-1	1.0457E+0	5.0778E-3	0.011	0.029	0.019	B-B-3-2
850.0	4.1036E+1	8.1982E-2	1.6661E-1	1.0074E+0	2.0276E-3	0.006	0.005	0.010	B-B-2-0
860.0	3.9268E+1	7.8405E-2	1.6505E-1	1.0010E+0	2.0006E-3	0.051	0.046	0.007	B-B-3-0
870.0	3.7164E+1	1.1295E-1	2.4706E-1	9.9706E-1	3.0213E-3	0.016	0.033	0.038	B-B-3-0
880.0	3.4608E+1	3.2772E-1	7.6334E-1	9.5956E-1	8.7193E-3	0.049	0.056	0.012	B-A-3-2
890.0	3.1918E+1	3.3893E-1	8.4332E-1	1.0296E+0	1.1258E-2	0.100	0.080	0.021	B-A-3-0
900.0	2.9199E+1	3.3793E-1	9.0134E-1	1.0260E+0	1.2184E-2	0.026	0.015	0.012	B-A-3-3
910.0	2.6607E+1	2.7271E-1	7.8454E-1	1.0349E+0	1.0979E-2	0.107	0.108	0.006	B-A-3-1
920.0	2.3880E+1	4.8253E-1	1.5013E+0	1.0274E+0	2.1329E-2	0.048	0.028	0.021	A-A-3-2
930.0	2.1884E+1	1.3411E-1	4.5319E-1	1.0148E+0	6.3101E-3	0.004	0.008	0.012	B-A-2-0
940.0	1.9692E+1	1.8528E-1	6.6788E-1	1.0017E+0	9.4416E-3	0.072	0.082	0.016	B-A-3-0
950.0	1.7729E+1	2.0249E-1	7.9902E-1	1.0080E+0	1.1606E-2	0.000	0.008	0.008	B-A-2-0
960.0	1.6029E+1	1.2110E-1	5.2371E-1	1.0234E+0	7.9121E-3	0.034	0.026	0.008	B-A-3-0
970.0	1.4263E+1	1.0731E-1	5.0654E-1	1.0041E+0	7.5845E-3	0.010	0.016	0.007	B-A-3-1
980.0	1.2185E+1	3.0142E-1	1.5766E+0	9.8854E-1	2.4173E-2	0.015	0.013	0.025	B-A-3-2
990.0	1.0397E+1	1.4126E-1	8.3252E-1	9.8479E-1	1.3177E-2	0.026	0.032	0.007	B-A-3-2
1000.0	8.5192E+0	1.0171E-1	6.9673E-1	1.0336E+0	1.2754E-2	0.062	0.057	0.007	B-A-3-1
1010.0	6.4389E+0	4.4643E-2	3.7130E-1	1.0063E+0	7.0205E-3	0.002	0.002	0.004	B-B-2-0
1020.0	4.5390E+0	3.1839E-2	3.4360E-1	1.0204E+0	7.3031E-3	0.068	0.031	0.039	CA-B-3-1
1030.0	2.9028E+0	1.2812E-2	1.9313E-1	1.0106E+0	4.5080E-3	0.019	0.029	0.044	CA-B-3-1
1040.0	1.7040E+0	6.7448E-3	1.4946E-1	1.0078E+0	4.0203E-3	0.392	0.005	0.397	CA-B-3-1
1050.0	9.3378E-1	4.0819E-3	1.3749E-1	9.9814E-1	4.3551E-3	0.282	0.003	0.286	CA-B-3-1
1060.0	4.6816E-1	1.9870E-3	1.0663E-1	1.0042E+0	4.2797E-3	0.311	0.065	0.333	CA-B-3-0
1070.0	2.0397E-1	7.1619E-4	7.0814E-2	9.9779E-1	3.4958E-3	0.739	0.022	0.760	CA-B-3-0
1080.0	8.5127E-2	3.8780E-4	7.4528E-2	9.8857E-1	4.4520E-3	5.703	0.016	5.718	CA-B-3-0
1090.0	1.5400E-2	7.6431E-5	6.5738E-2	9.9224E-1	4.8862E-3	17.475	0.018	17.482	CA-B-3-0
1100.0	-6.3324E-2	-2.0009E-4	3.2651E-2	9.9483E-1	3.1272E-3	-0.410	0.058	-0.352	CA-CA-2-0
end data
Jsc [mA/cm2]:  14.23	12.85	16.73
Bandgap [eV]:  1.280
Power Mode Calibration
Monitor Corrections:  On
Chopping Frequency [Hz]:  50.00
Light Bias Current [mA]:  -0.02
Voltage Bias [V]:  0.00
Meas Period: [s]:  0.5
Readings per WL :  3
Scan Duration [s]:  179
Calibration Info:  Sat, Jan 01, 2005 12:35 AM


Device ID:  Mo_300Sb_35Se.txt
