WL	QE	DSig	MSig	Mcorr	RPI	DSD	MSD	RSD	GC
300.0	1.7993E-1	3.9200E-5	1.6229E-2	9.9291E-1	2.1478E-4	45.055	0.064	45.106	CA-CA-3-0
310.0	9.5875E-2	3.9377E-5	2.2184E-2	9.9523E-1	4.0681E-4	19.249	0.068	19.261	CA-CA-3-0
320.0	5.1692E-2	3.0286E-5	2.7135E-2	9.9636E-1	5.8164E-4	37.457	0.052	37.465	CA-CA-3-1
330.0	6.5197E-2	4.6774E-5	3.0889E-2	9.9756E-1	7.1393E-4	24.687	0.051	24.663	CA-CA-3-0
340.0	4.5597E-2	3.6883E-5	3.3750E-2	9.9902E-1	8.0731E-4	32.454	0.032	32.464	CA-CA-3-0
350.0	1.7161E-1	1.4897E-4	3.5170E-2	1.0004E+0	8.6884E-4	6.110	0.038	6.130	CA-CA-3-0
360.0	4.0256E-1	3.4573E-4	3.2945E-2	1.0018E+0	8.6199E-4	2.534	0.027	2.507	CA-CA-3-1
370.0	9.8210E-1	6.3510E-4	2.4508E-2	1.0089E+0	6.5820E-4	2.890	0.032	2.865	CA-CA-3-0
380.0	2.1847E+0	2.3528E-3	4.4690E-2	9.9997E-1	1.0769E-3	0.258	0.038	0.276	CA-B-3-0
390.0	3.7042E+0	4.5301E-3	5.5279E-2	1.0004E+0	1.2239E-3	0.010	0.003	0.006	CA-B-2-0
400.0	5.1336E+0	7.2392E-3	6.9131E-2	1.0019E+0	1.4156E-3	0.084	0.009	0.089	CA-B-3-0
410.0	6.2303E+0	9.1320E-3	7.6829E-2	1.0044E+0	1.4788E-3	0.246	0.007	0.248	CA-B-3-0
420.0	7.0432E+0	1.0681E-2	8.3748E-2	1.0052E+0	1.5322E-3	0.031	0.016	0.027	CA-B-3-1
430.0	7.8171E+0	1.1860E-2	8.7546E-2	1.0065E+0	1.5371E-3	0.145	0.023	0.136	CA-B-3-1
440.0	8.7924E+0	1.3870E-2	9.5068E-2	1.0056E+0	1.5952E-3	0.106	0.032	0.075	CA-B-3-0
450.0	1.0035E+1	1.6604E-2	1.0346E-1	1.0030E+0	1.6644E-3	0.048	0.005	0.046	CA-B-3-1
460.0	1.1833E+1	2.0887E-2	1.1404E-1	1.0057E+0	1.7854E-3	0.069	0.037	0.045	CA-B-3-0
470.0	1.4589E+1	3.1682E-2	1.4442E-1	1.0039E+0	2.1888E-3	0.017	0.033	0.018	CA-B-3-1
480.0	1.8170E+1	3.2042E-2	1.2072E-1	1.0097E+0	1.7977E-3	0.007	0.010	0.003	CA-B-2-0
490.0	2.1256E+1	3.6442E-2	1.2026E-1	1.0094E+0	1.7467E-3	0.001	0.015	0.014	CA-B-2-0
500.0	2.2798E+1	3.7743E-2	1.1867E-1	1.0103E+0	1.6898E-3	0.047	0.019	0.048	CA-B-3-1
510.0	2.3460E+1	3.7218E-2	1.1599E-1	1.0087E+0	1.6141E-3	0.019	0.016	0.020	CA-B-3-0
520.0	2.3993E+1	3.7420E-2	1.1600E-1	1.0083E+0	1.5857E-3	0.063	0.016	0.048	CA-B-3-0
530.0	2.4710E+1	3.7551E-2	1.1489E-1	1.0081E+0	1.5445E-3	0.010	0.059	0.061	CA-B-3-1
540.0	2.5560E+1	3.7918E-2	1.1436E-1	1.0085E+0	1.5088E-3	0.014	0.024	0.013	CA-B-3-1
550.0	2.6561E+1	3.7613E-2	1.1039E-1	1.0087E+0	1.4410E-3	0.039	0.024	0.016	CA-B-3-0
560.0	2.7437E+1	3.6414E-2	1.0450E-1	1.0082E+0	1.3490E-3	0.009	0.004	0.005	CA-B-2-0
570.0	2.8080E+1	3.4321E-2	9.7335E-2	1.0079E+0	1.2417E-3	0.052	0.014	0.042	CA-B-3-0
580.0	2.8369E+1	3.8842E-2	1.1032E-1	1.0090E+0	1.3940E-3	0.005	0.004	0.002	M-B-2-0
590.0	2.8401E+1	3.7862E-2	1.0851E-1	1.0088E+0	1.3567E-3	0.033	0.017	0.032	CA-B-3-0
600.0	2.8125E+1	4.2667E-2	8.8497E-2	1.0087E+0	1.5434E-3	0.062	0.024	0.046	B-B-3-0
610.0	2.7805E+1	4.5880E-2	9.7836E-2	1.0080E+0	1.6767E-3	0.002	0.021	0.022	B-B-2-0
620.0	2.7427E+1	4.9904E-2	1.0956E-1	1.0078E+0	1.8482E-3	0.004	0.020	0.024	B-B-2-0
630.0	2.7071E+1	5.2944E-2	1.1948E-1	1.0073E+0	1.9842E-3	0.032	0.022	0.022	B-B-3-1
640.0	2.6804E+1	5.5114E-2	1.2720E-1	1.0075E+0	2.0872E-3	0.033	0.021	0.018	B-B-3-1
650.0	2.6699E+1	5.9294E-2	1.3669E-1	1.0069E+0	2.2517E-3	0.034	0.006	0.028	B-B-3-0
660.0	2.6688E+1	5.8223E-2	1.3522E-1	1.0077E+0	2.2153E-3	0.003	0.011	0.008	B-B-2-0
670.0	2.6745E+1	6.1500E-2	1.4555E-1	1.0064E+0	2.3289E-3	0.003	0.011	0.008	B-B-2-0
680.0	2.6881E+1	6.5915E-2	1.6118E-1	1.0067E+0	2.4850E-3	0.000	0.010	0.010	B-B-2-0
690.0	2.7075E+1	7.0253E-2	1.7131E-1	1.0073E+0	2.6330E-3	0.008	0.005	0.004	B-B-2-0
700.0	2.7317E+1	6.4256E-2	1.5497E-1	1.0083E+0	2.3916E-3	0.008	0.002	0.010	B-B-2-0
710.0	2.7550E+1	6.3504E-2	1.5213E-1	1.0055E+0	2.3306E-3	0.001	0.034	0.034	B-B-2-0
720.0	2.7697E+1	6.7574E-2	1.6271E-1	1.0080E+0	2.4791E-3	0.007	0.013	0.006	B-B-2-0
730.0	2.7824E+1	6.6185E-2	1.6205E-1	1.0039E+0	2.3973E-3	0.045	0.029	0.025	B-B-3-0
740.0	2.7836E+1	6.9647E-2	1.7501E-1	1.0072E+0	2.5382E-3	0.005	0.012	0.007	B-B-2-0
750.0	2.7791E+1	6.8514E-2	1.7757E-1	1.0044E+0	2.4873E-3	0.002	0.006	0.004	B-B-2-0
760.0	2.7554E+1	6.5988E-2	1.7749E-1	1.0019E+0	2.4042E-3	0.005	0.011	0.012	B-B-3-2
770.0	2.7227E+1	7.8756E-2	2.1954E-1	1.0193E+0	3.0055E-3	0.006	0.028	0.022	B-B-3-1
780.0	2.6945E+1	5.3966E-2	1.5622E-1	1.0023E+0	2.0122E-3	0.013	0.008	0.017	B-B-3-0
790.0	2.6420E+1	5.7322E-2	1.7277E-1	9.9377E-1	2.1427E-3	0.026	0.025	0.033	B-B-3-1
800.0	2.5828E+1	5.8129E-2	1.8227E-1	9.9748E-1	2.2393E-3	0.066	0.011	0.064	B-B-3-0
810.0	2.4963E+1	5.2527E-2	1.7324E-1	9.9763E-1	2.0942E-3	0.040	0.018	0.026	B-B-3-0
820.0	2.4301E+1	8.2775E-2	2.8196E-1	9.7350E-1	3.2280E-3	0.142	0.120	0.022	B-B-3-0
830.0	2.3252E+1	2.7216E-1	9.7835E-1	1.0235E+0	1.2261E-2	0.046	0.038	0.009	B-A-3-1
840.0	2.3350E+1	1.0793E-1	3.9396E-1	1.0506E+0	5.1013E-3	0.043	0.036	0.007	B-B-3-2
850.0	2.1849E+1	4.3495E-2	1.6602E-1	1.0110E+0	2.0348E-3	0.078	0.045	0.041	B-B-3-0
860.0	2.0726E+1	4.1248E-2	1.6450E-1	1.0043E+0	2.0072E-3	0.001	0.014	0.014	B-B-2-0
870.0	1.9482E+1	5.9039E-2	2.4635E-1	9.9995E-1	3.0301E-3	0.045	0.036	0.063	B-B-3-0
880.0	1.7924E+1	1.7132E-1	7.7049E-1	9.5065E-1	8.6384E-3	0.046	0.069	0.024	B-A-3-2
890.0	1.6520E+1	1.7390E-1	8.3597E-1	1.0387E+0	1.1356E-2	0.041	0.026	0.016	B-A-3-2
900.0	1.5030E+1	1.7276E-1	8.9517E-1	1.0331E+0	1.2268E-2	0.055	0.054	0.001	B-A-3-2
910.0	1.3625E+1	1.3776E-1	7.7388E-1	1.0492E+0	1.1130E-2	0.083	0.079	0.009	B-A-3-2
920.0	1.2152E+1	2.4390E-1	1.4913E+0	1.0343E+0	2.1472E-2	0.084	0.075	0.009	B-A-3-1
930.0	1.1109E+1	6.7671E-2	4.5047E-1	1.0209E+0	6.3481E-3	0.023	0.008	0.031	B-A-3-2
940.0	9.9860E+0	9.3717E-2	6.6618E-1	1.0043E+0	9.4657E-3	0.008	0.045	0.038	B-A-2-0
950.0	9.0271E+0	1.0266E-1	7.9563E-1	1.0123E+0	1.1655E-2	0.026	0.016	0.011	B-A-3-1
960.0	8.2433E+0	6.1944E-2	5.2092E-1	1.0289E+0	7.9545E-3	0.012	0.019	0.024	B-A-3-1
970.0	7.4361E+0	5.5731E-2	5.0461E-1	1.0079E+0	7.6135E-3	0.044	0.038	0.059	B-A-3-0
980.0	6.4881E+0	1.5972E-1	1.5689E+0	9.9336E-1	2.4291E-2	0.081	0.099	0.020	B-A-3-0
990.0	5.7340E+0	7.7746E-2	8.3080E-1	9.8683E-1	1.3204E-2	0.050	0.031	0.050	B-A-3-2
1000.0	4.8897E+0	5.7946E-2	6.9161E-1	1.0413E+0	1.2849E-2	0.021	0.048	0.058	B-A-3-1
1010.0	3.9077E+0	2.6982E-2	3.6977E-1	1.0104E+0	7.0495E-3	0.066	0.003	0.063	CA-B-3-3
1020.0	2.8826E+0	2.0135E-2	3.4216E-1	1.0247E+0	7.3339E-3	0.117	0.032	0.085	CA-B-3-0
1030.0	1.9280E+0	8.4777E-3	1.9241E-1	1.0144E+0	4.5249E-3	0.086	0.012	0.098	CA-B-3-0
1040.0	1.1879E+0	4.6853E-3	1.4893E-1	1.0114E+0	4.0348E-3	0.255	0.005	0.254	CA-B-3-1
1050.0	6.8148E-1	2.9719E-3	1.3716E-1	1.0005E+0	4.3655E-3	0.556	0.009	0.565	CA-B-3-0
1060.0	3.4964E-1	1.4778E-3	1.0619E-1	1.0083E+0	4.2975E-3	1.110	0.049	1.068	CA-B-3-0
1070.0	1.8584E-1	6.5092E-4	7.0639E-2	1.0003E+0	3.5045E-3	4.103	0.028	4.117	CA-B-3-2
1080.0	9.8498E-2	4.4885E-4	7.4550E-2	9.8828E-1	4.4507E-3	1.048	0.037	1.066	CA-B-3-1
1090.0	4.7009E-2	2.3321E-4	6.5710E-2	9.9265E-1	4.8882E-3	5.392	0.025	5.410	CA-B-3-0
1100.0	1.6173E-2	5.1067E-5	3.2624E-2	9.9550E-1	3.1293E-3	73.661	0.033	73.638	CA-CA-3-0
end data
Jsc [mA/cm2]:  8.13	7.35	9.55
Bandgap [eV]:  1.296
Power Mode Calibration
Monitor Corrections:  On
Chopping Frequency [Hz]:  50.00
Light Bias Current [mA]:  -0.02
Voltage Bias [V]:  0.00
Meas Period: [s]:  0.5
Readings per WL :  3
Scan Duration [s]:  182
Calibration Info:  Sat, Jan 01, 2005 12:35 AM


Device ID:  Mo_room_400Sb_35Se_7.txt
