WL	QE	DSig	MSig	Mcorr	RPI	DSD	MSD	RSD	GC
300.0	-3.5210E-2	-7.6738E-6	1.6233E-2	9.9251E-1	2.1469E-4	319.035	0.007	319.021	CA-CA-3-2
310.0	6.2318E-2	2.5585E-5	2.2182E-2	9.9562E-1	4.0696E-4	75.968	0.080	76.005	CA-CA-3-0
320.0	-1.5431E-2	-9.0414E-6	2.7134E-2	9.9628E-1	5.8159E-4	-48.294	0.029	-48.272	CA-CA-2-0
330.0	8.0671E-2	5.7892E-5	3.0898E-2	9.9727E-1	7.1373E-4	17.240	0.053	17.190	CA-CA-3-0
340.0	5.8627E-2	4.7456E-5	3.3772E-2	9.9832E-1	8.0675E-4	20.726	0.014	20.718	CA-CA-3-1
350.0	5.8062E-2	5.0400E-5	3.5168E-2	1.0005E+0	8.6886E-4	33.277	0.032	33.259	CA-CA-3-1
360.0	6.6836E-2	5.7391E-5	3.2940E-2	1.0020E+0	8.6214E-4	5.114	0.025	5.103	CA-CA-3-3
370.0	1.5595E-1	1.0098E-4	2.4538E-2	1.0076E+0	6.5738E-4	16.132	0.052	16.090	CA-CA-3-1
380.0	1.0079E-1	1.0857E-4	4.4705E-2	9.9967E-1	1.0765E-3	11.125	0.041	11.167	CA-B-3-0
390.0	1.2382E-1	1.5139E-4	5.5268E-2	1.0006E+0	1.2242E-3	13.017	0.031	13.036	CA-B-3-0
400.0	1.2616E-1	1.7786E-4	6.9116E-2	1.0021E+0	1.4159E-3	9.041	0.014	9.031	CA-B-3-1
410.0	1.1272E-1	1.6518E-4	7.6813E-2	1.0046E+0	1.4791E-3	1.778	0.013	1.774	CA-B-3-0
420.0	1.2831E-1	1.9460E-4	8.3755E-2	1.0051E+0	1.5321E-3	5.634	0.017	5.649	CA-B-3-0
430.0	1.2785E-1	1.9399E-4	8.7546E-2	1.0065E+0	1.5371E-3	9.913	0.010	9.910	CA-B-3-1
440.0	1.3257E-1	2.0912E-4	9.5067E-2	1.0056E+0	1.5952E-3	9.493	0.008	9.490	CA-B-3-0
450.0	1.4371E-1	2.3759E-4	1.0338E-1	1.0038E+0	1.6657E-3	9.737	0.018	9.751	CA-B-3-0
460.0	1.5127E-1	2.6701E-4	1.1404E-1	1.0058E+0	1.7855E-3	8.306	0.017	8.288	CA-B-3-0
470.0	1.5151E-1	3.2899E-4	1.4440E-1	1.0040E+0	2.1890E-3	1.027	0.078	0.958	CA-B-3-0
480.0	1.7995E-1	3.1738E-4	1.2074E-1	1.0095E+0	1.7975E-3	7.701	0.067	7.723	CA-B-3-0
490.0	2.2328E-1	3.8299E-4	1.2032E-1	1.0089E+0	1.7459E-3	4.688	0.034	4.710	CA-B-3-0
500.0	1.8789E-1	3.1146E-4	1.1883E-1	1.0090E+0	1.6876E-3	3.129	0.021	3.135	CA-B-3-1
510.0	2.1598E-1	3.4286E-4	1.1607E-1	1.0080E+0	1.6131E-3	3.010	0.008	3.017	CA-B-3-0
520.0	2.0240E-1	3.1572E-4	1.1602E-1	1.0082E+0	1.5854E-3	4.584	0.007	4.580	CA-B-3-0
530.0	2.2204E-1	3.3748E-4	1.1490E-1	1.0080E+0	1.5443E-3	1.246	0.012	1.256	CA-B-3-3
540.0	2.3859E-1	3.5393E-4	1.1435E-1	1.0085E+0	1.5088E-3	3.245	0.032	3.213	CA-B-3-0
550.0	2.8133E-1	3.9836E-4	1.1038E-1	1.0088E+0	1.4411E-3	1.367	0.039	1.398	CA-B-3-1
560.0	2.5916E-1	3.4392E-4	1.0449E-1	1.0083E+0	1.3492E-3	1.841	0.034	1.875	CA-B-3-1
570.0	2.4350E-1	2.9758E-4	9.7320E-2	1.0081E+0	1.2419E-3	5.359	0.012	5.369	CA-B-3-1
580.0	2.1833E-1	2.9895E-4	1.1033E-1	1.0089E+0	1.3939E-3	3.065	0.046	3.111	CA-B-3-0
590.0	2.6533E-1	3.5379E-4	1.0853E-1	1.0086E+0	1.3564E-3	2.665	0.030	2.647	CA-B-3-1
600.0	3.1418E-1	4.7637E-4	8.8453E-2	1.0092E+0	1.5442E-3	5.774	0.050	5.821	CA-B-3-1
610.0	2.2461E-1	3.7067E-4	9.7848E-2	1.0079E+0	1.6765E-3	0.454	0.015	0.452	CA-B-3-3
620.0	2.1542E-1	3.9229E-4	1.0966E-1	1.0070E+0	1.8466E-3	1.199	0.026	1.224	CA-B-3-1
630.0	1.8894E-1	3.6953E-4	1.1948E-1	1.0072E+0	1.9842E-3	2.286	0.013	2.273	CA-B-3-1
640.0	1.8893E-1	3.8855E-4	1.2723E-1	1.0073E+0	2.0867E-3	1.172	0.023	1.178	CA-B-3-1
650.0	2.0039E-1	4.4507E-4	1.3671E-1	1.0068E+0	2.2515E-3	1.265	0.009	1.262	CA-B-3-1
660.0	1.9732E-1	4.3048E-4	1.3522E-1	1.0077E+0	2.2153E-3	0.606	0.039	0.574	CA-B-3-1
670.0	2.1847E-1	5.0212E-4	1.4548E-1	1.0069E+0	2.3300E-3	5.665	0.006	5.671	CA-B-3-1
680.0	2.0713E-1	5.0753E-4	1.6106E-1	1.0074E+0	2.4868E-3	2.899	0.028	2.895	CA-B-3-2
690.0	2.1673E-1	5.6230E-4	1.7130E-1	1.0074E+0	2.6332E-3	3.167	0.039	3.190	CA-B-3-0
700.0	1.9329E-1	4.5452E-4	1.5492E-1	1.0086E+0	2.3923E-3	5.439	0.025	5.458	CA-B-3-1
710.0	2.3053E-1	5.3140E-4	1.5213E-1	1.0055E+0	2.3305E-3	1.888	0.027	1.894	CA-B-3-0
720.0	2.1440E-1	5.2314E-4	1.6272E-1	1.0080E+0	2.4789E-3	2.587	0.024	2.570	CA-B-3-0
730.0	2.2923E-1	5.4518E-4	1.6202E-1	1.0041E+0	2.3977E-3	1.612	0.022	1.590	CA-B-3-0
740.0	2.4069E-1	6.0236E-4	1.7505E-1	1.0070E+0	2.5376E-3	2.426	0.026	2.435	CA-B-3-0
750.0	2.3354E-1	5.7585E-4	1.7760E-1	1.0043E+0	2.4869E-3	6.919	0.021	6.939	CA-B-3-0
760.0	2.1903E-1	5.2415E-4	1.7736E-1	1.0027E+0	2.4060E-3	2.822	0.026	2.825	CA-B-3-0
770.0	1.8056E-1	5.2336E-4	2.1999E-1	1.0172E+0	2.9993E-3	1.411	0.047	1.372	CA-B-3-0
780.0	2.2300E-1	4.4666E-4	1.5623E-1	1.0023E+0	2.0121E-3	1.678	0.008	1.679	CA-B-3-0
790.0	1.9738E-1	4.2763E-4	1.7253E-1	9.9517E-1	2.1457E-3	4.164	0.016	4.179	CA-B-3-0
800.0	2.2697E-1	5.1063E-4	1.8220E-1	9.9787E-1	2.2402E-3	1.791	0.020	1.811	CA-B-3-1
810.0	2.5408E-2	5.3366E-5	1.7293E-1	9.9947E-1	2.0981E-3	17.683	0.149	17.743	CA-B-3-1
820.0	6.9174E-2	2.3518E-4	2.8143E-1	9.7530E-1	3.2340E-3	5.427	0.051	5.382	CA-B-3-1
830.0	5.4441E-2	6.3843E-4	9.8021E-1	1.0215E+0	1.2238E-2	4.252	0.030	4.277	CA-A-3-2
840.0	7.2447E-2	3.3576E-4	3.9499E-1	1.0478E+0	5.0877E-3	13.335	0.079	13.261	CA-B-3-0
850.0	6.1844E-2	1.2321E-4	1.6615E-1	1.0102E+0	2.0332E-3	2.230	0.044	2.236	CA-B-3-0
860.0	1.5635E-2	3.1113E-5	1.6449E-1	1.0044E+0	2.0074E-3	17.162	0.010	17.155	CA-B-3-2
870.0	4.9808E-2	1.5089E-4	2.4627E-1	1.0003E+0	3.0311E-3	2.472	0.023	2.470	CA-B-3-1
880.0	5.8497E-2	5.5391E-4	7.6328E-1	9.5962E-1	8.7199E-3	2.485	0.046	2.454	CA-A-3-2
890.0	4.2330E-2	4.4703E-4	8.3869E-1	1.0353E+0	1.1320E-2	1.591	0.101	1.616	CA-A-3-0
900.0	4.3277E-2	4.9874E-4	8.9753E-1	1.0304E+0	1.2236E-2	3.688	0.107	3.788	CA-A-3-0
910.0	3.2611E-2	3.3096E-4	7.7681E-1	1.0452E+0	1.1088E-2	1.373	0.079	1.432	CA-A-3-2
920.0	3.7753E-2	7.5881E-4	1.4934E+0	1.0329E+0	2.1443E-2	2.029	0.046	2.063	CA-A-3-2
930.0	3.7516E-2	2.2873E-4	4.5087E-1	1.0199E+0	6.3424E-3	9.731	0.028	9.706	CA-A-3-0
940.0	3.2613E-2	3.0569E-4	6.6535E-1	1.0055E+0	9.4775E-3	4.916	0.086	4.897	CA-A-3-0
950.0	3.1692E-2	3.6037E-4	7.9552E-1	1.0125E+0	1.1657E-2	3.204	0.009	3.206	CA-A-3-0
960.0	2.2966E-2	1.7280E-4	5.2159E-1	1.0275E+0	7.9443E-3	5.493	0.036	5.512	CA-A-3-0
970.0	2.6562E-2	1.9885E-4	5.0404E-1	1.0090E+0	7.6221E-3	1.719	0.027	1.696	CA-A-3-2
980.0	3.0634E-2	7.5291E-4	1.5664E+0	9.9496E-1	2.4330E-2	1.436	0.215	1.220	CA-A-3-0
990.0	2.5882E-2	3.5039E-4	8.2957E-1	9.8834E-1	1.3224E-2	11.601	0.074	11.670	CA-A-3-0
1000.0	9.7367E-3	1.1586E-4	6.9444E-1	1.0370E+0	1.2796E-2	9.763	0.090	9.766	CA-A-3-0
1010.0	7.5278E-3	5.2000E-5	3.6992E-1	1.0100E+0	7.0466E-3	19.860	0.010	19.849	CA-B-3-0
1020.0	3.5456E-3	2.4821E-5	3.4287E-1	1.0224E+0	7.3179E-3	77.360	0.029	77.343	CA-B-3-0
1030.0	-9.3106E-3	-4.0997E-5	1.9268E-1	1.0130E+0	4.5186E-3	-14.611	0.012	-14.623	CA-B-2-0
1040.0	-9.8621E-3	-3.8966E-5	1.4920E-1	1.0096E+0	4.0276E-3	-30.802	0.005	-30.807	CA-B-2-0
1050.0	-3.1578E-3	-1.3773E-5	1.3717E-1	1.0003E+0	4.3647E-3	-119.243	0.007	-119.247	CA-B-2-0
1060.0	-2.4584E-2	-1.0412E-4	1.0641E-1	1.0063E+0	4.2888E-3	-11.332	0.044	-11.376	CA-B-2-0
1070.0	-2.5413E-2	-8.9114E-5	7.0719E-2	9.9913E-1	3.5005E-3	-1.665	0.027	-1.638	CA-B-2-0
1080.0	-7.8058E-3	-3.5549E-5	7.4516E-2	9.8886E-1	4.4534E-3	-39.123	0.035	-39.152	CA-B-2-0
1090.0	-7.0180E-4	-3.4842E-6	6.5717E-2	9.9190E-1	4.8845E-3	-297.927	0.022	-298.099	CA-B-2-0
1100.0	-2.6352E-3	-8.3279E-6	3.2680E-2	9.9466E-1	3.1267E-3	386.911	0.035	386.707	CA-CA-3-0
end data
Jsc [mA/cm2]:  0.06	0.05	0.07

Power Mode Calibration
Monitor Corrections:  On
Chopping Frequency [Hz]:  50.00
Light Bias Current [mA]:  -0.02
Voltage Bias [V]:  0.00
Meas Period: [s]:  0.5
Readings per WL :  3
Scan Duration [s]:  191
Calibration Info:  Sat, Jan 01, 2005 12:35 AM


Device ID:  Mo_400Sb_30Se.txt
