Mo_200Sb_25Se_1 2026-07-09 10-35-34		Mo_200Sb_25Se_2 2026-07-09 10-37-35		Mo_200Sb_25Se_3 2026-07-09 10-39-51		Mo_200Sb_25Se_4 2026-07-09 10-41-36		Mo_200Sb_25Se_5 2026-07-09 10-43-16		Mo_200Sb_25Se_6 2026-07-09 10-44-50		Mo_200Sb_25Se_7 2026-07-09 10-46-49		Mo_200Sb_25Se_9 2026-07-09 10-48-24		Mo_200Sb_25Se_10 2026-07-09 10-49-56		Mo_200Sb_25Se_11 2026-07-09 10-51-10		Mo_200Sb_25Se_12 2026-07-09 10-52-29		Mo_200Sb_25Se_13 2026-07-09 10-54-24		Mo_200Sb_25Se_14 2026-07-09 10-55-42	
Vmeas	Imeas	Vmeas	Imeas	Vmeas	Imeas	Vmeas	Imeas	Vmeas	Imeas	Vmeas	Imeas	Vmeas	Imeas	Vmeas	Imeas	Vmeas	Imeas	Vmeas	Imeas	Vmeas	Imeas	Vmeas	Imeas	Vmeas	Imeas
-0.10000000	0.00240780	-0.10000000	0.00082773	-0.10000000	0.00216868	-0.10000000	0.00164950	-0.10000000	0.00177822	-0.10000000	0.00167002	-0.10000000	0.00274605	-0.10000000	0.00175351	-0.10000000	0.00155030	-0.10000000	0.00163400	-0.10000000	0.00177669	-0.10000000	0.00074115	-0.10000000	0.00198600
-0.09530000	0.00240183	-0.09530000	0.00082638	-0.09530000	0.00215848	-0.09530000	0.00164928	-0.09530000	0.00177861	-0.09530000	0.00164917	-0.09530000	0.00267107	-0.09530000	0.00171922	-0.09530000	0.00154425	-0.09530000	0.00161668	-0.09530000	0.00177747	-0.09530000	0.00074092	-0.09530000	0.00197538
-0.09060000	0.00239494	-0.09060000	0.00082710	-0.09060000	0.00214884	-0.09060000	0.00165005	-0.09060000	0.00177992	-0.09060000	0.00162756	-0.09060000	0.00259628	-0.09060000	0.00168462	-0.09060000	0.00153782	-0.09060000	0.00159876	-0.09060000	0.00177683	-0.09060000	0.00073993	-0.09060000	0.00196638
-0.08590000	0.00238852	-0.08590000	0.00082654	-0.08590000	0.00213458	-0.08590000	0.00164944	-0.08590000	0.00178057	-0.08590000	0.00160569	-0.08590000	0.00252125	-0.08590000	0.00164991	-0.08590000	0.00153116	-0.08590000	0.00158090	-0.08590000	0.00177564	-0.08590000	0.00073903	-0.08590000	0.00195626
-0.08120000	0.00238127	-0.08120000	0.00082540	-0.08120000	0.00211683	-0.08120000	0.00164661	-0.08120000	0.00177749	-0.08120000	0.00158292	-0.08120000	0.00244660	-0.08120000	0.00161417	-0.08120000	0.00152400	-0.08120000	0.00156223	-0.08120000	0.00177407	-0.08120000	0.00073801	-0.08120000	0.00194784
-0.07650000	0.00237152	-0.07650000	0.00082345	-0.07650000	0.00209825	-0.07650000	0.00164135	-0.07650000	0.00177268	-0.07650000	0.00156001	-0.07650000	0.00237220	-0.07650000	0.00157903	-0.07650000	0.00151675	-0.07650000	0.00154363	-0.07650000	0.00177224	-0.07650000	0.00073717	-0.07650000	0.00193836
-0.07180000	0.00236328	-0.07180000	0.00082187	-0.07180000	0.00207691	-0.07180000	0.00163575	-0.07180000	0.00176945	-0.07180000	0.00153630	-0.07180000	0.00229706	-0.07180000	0.00154312	-0.07180000	0.00150838	-0.07180000	0.00152404	-0.07180000	0.00177000	-0.07180000	0.00073561	-0.07180000	0.00192697
-0.06710000	0.00235432	-0.06710000	0.00082093	-0.06710000	0.00205571	-0.06710000	0.00163039	-0.06710000	0.00176377	-0.06710000	0.00151283	-0.06710000	0.00222205	-0.06710000	0.00150625	-0.06710000	0.00150182	-0.06710000	0.00150352	-0.06710000	0.00176629	-0.06710000	0.00073452	-0.06710000	0.00191615
-0.06240000	0.00234749	-0.06240000	0.00081976	-0.06240000	0.00203437	-0.06240000	0.00162266	-0.06240000	0.00175940	-0.06240000	0.00148980	-0.06240000	0.00214713	-0.06240000	0.00146984	-0.06240000	0.00149418	-0.06240000	0.00148484	-0.06240000	0.00176403	-0.06240000	0.00073401	-0.06240000	0.00190473
-0.05770000	0.00233946	-0.05770000	0.00081800	-0.05770000	0.00201210	-0.05770000	0.00161541	-0.05770000	0.00175373	-0.05770000	0.00146598	-0.05770000	0.00207227	-0.05770000	0.00143318	-0.05770000	0.00148509	-0.05770000	0.00146496	-0.05770000	0.00176056	-0.05770000	0.00073192	-0.05770000	0.00189231
-0.05300000	0.00232873	-0.05300000	0.00081565	-0.05300000	0.00198678	-0.05300000	0.00160713	-0.05300000	0.00174831	-0.05300000	0.00144147	-0.05300000	0.00199705	-0.05300000	0.00139551	-0.05300000	0.00147615	-0.05300000	0.00144415	-0.05300000	0.00175628	-0.05300000	0.00073051	-0.05300000	0.00188162
-0.04830000	0.00231934	-0.04830000	0.00081323	-0.04830000	0.00196194	-0.04830000	0.00159957	-0.04830000	0.00174386	-0.04830000	0.00141756	-0.04830000	0.00192237	-0.04830000	0.00135721	-0.04830000	0.00146781	-0.04830000	0.00142274	-0.04830000	0.00175333	-0.04830000	0.00072923	-0.04830000	0.00186908
-0.04360000	0.00231183	-0.04360000	0.00081060	-0.04360000	0.00193816	-0.04360000	0.00159138	-0.04360000	0.00173585	-0.04360000	0.00139296	-0.04360000	0.00184624	-0.04360000	0.00131895	-0.04360000	0.00145979	-0.04360000	0.00140285	-0.04360000	0.00174849	-0.04360000	0.00072783	-0.04360000	0.00185828
-0.03895000	0.00230220	-0.03895000	0.00080820	-0.03895000	0.00191227	-0.03895000	0.00158215	-0.03895000	0.00172812	-0.03895000	0.00136823	-0.03895000	0.00177161	-0.03895000	0.00128061	-0.03895000	0.00144952	-0.03895000	0.00138223	-0.03895000	0.00174560	-0.03895000	0.00072622	-0.03895000	0.00184479
-0.03425000	0.00229231	-0.03425000	0.00080573	-0.03425000	0.00188533	-0.03425000	0.00157266	-0.03425000	0.00172079	-0.03425000	0.00134390	-0.03425000	0.00169641	-0.03425000	0.00124116	-0.03425000	0.00144071	-0.03425000	0.00136060	-0.03425000	0.00174005	-0.03425000	0.00072412	-0.03425000	0.00183261
-0.02955000	0.00228162	-0.02955000	0.00080311	-0.02955000	0.00185767	-0.02955000	0.00156368	-0.02955000	0.00171363	-0.02955000	0.00131923	-0.02955000	0.00162115	-0.02955000	0.00120093	-0.02955000	0.00143026	-0.02955000	0.00133990	-0.02955000	0.00173590	-0.02955000	0.00072298	-0.02955000	0.00182056
-0.02485000	0.00227098	-0.02485000	0.00080062	-0.02485000	0.00182952	-0.02485000	0.00155317	-0.02485000	0.00170565	-0.02485000	0.00129367	-0.02485000	0.00154582	-0.02485000	0.00116134	-0.02485000	0.00142068	-0.02485000	0.00131847	-0.02485000	0.00173272	-0.02485000	0.00072141	-0.02485000	0.00180460
-0.02015000	0.00226027	-0.02015000	0.00079772	-0.02015000	0.00180278	-0.02015000	0.00154307	-0.02015000	0.00169857	-0.02015000	0.00126729	-0.02015000	0.00147047	-0.02015000	0.00112049	-0.02015000	0.00141062	-0.02015000	0.00129688	-0.02015000	0.00172692	-0.02015000	0.00071996	-0.02015000	0.00179066
-0.01545000	0.00225179	-0.01545000	0.00079463	-0.01545000	0.00177399	-0.01545000	0.00153132	-0.01545000	0.00168905	-0.01545000	0.00124153	-0.01545000	0.00139353	-0.01545000	0.00107874	-0.01545000	0.00140090	-0.01545000	0.00127447	-0.01545000	0.00172231	-0.01545000	0.00071810	-0.01545000	0.00177553
-0.01075000	0.00223767	-0.01075000	0.00079194	-0.01075000	0.00174504	-0.01075000	0.00152040	-0.01075000	0.00168007	-0.01075000	0.00121505	-0.01075000	0.00131766	-0.01075000	0.00103669	-0.01075000	0.00139032	-0.01075000	0.00125216	-0.01075000	0.00171840	-0.01075000	0.00071670	-0.01075000	0.00176206
-0.00605000	0.00222883	-0.00605000	0.00078916	-0.00605000	0.00171590	-0.00605000	0.00151036	-0.00605000	0.00167183	-0.00605000	0.00118891	-0.00605000	0.00124115	-0.00605000	0.00099365	-0.00605000	0.00137847	-0.00605000	0.00123014	-0.00605000	0.00171253	-0.00605000	0.00071470	-0.00605000	0.00174644
-0.00135000	0.00221858	-0.00135000	0.00078569	-0.00135000	0.00168593	-0.00135000	0.00149786	-0.00135000	0.00166248	-0.00135000	0.00116212	-0.00135000	0.00116459	-0.00135000	0.00094951	-0.00135000	0.00136782	-0.00135000	0.00120766	-0.00135000	0.00170687	-0.00135000	0.00071318	-0.00135000	0.00173068
0.00335000	0.00220863	0.00335000	0.00078045	0.00335000	0.00164944	0.00335000	0.00148133	0.00335000	0.00164862	0.00335000	0.00113387	0.00335000	0.00108754	0.00335000	0.00090365	0.00335000	0.00135630	0.00335000	0.00118418	0.00335000	0.00170043	0.00335000	0.00071160	0.00335000	0.00171444
0.00805000	0.00219709	0.00805000	0.00077793	0.00805000	0.00162174	0.00805000	0.00147044	0.00805000	0.00164125	0.00805000	0.00110663	0.00805000	0.00100948	0.00805000	0.00085737	0.00805000	0.00134432	0.00805000	0.00116132	0.00805000	0.00169469	0.00805000	0.00070929	0.00805000	0.00169556
0.01275000	0.00218542	0.01275000	0.00077477	0.01275000	0.00159083	0.01275000	0.00145679	0.01275000	0.00163116	0.01275000	0.00107948	0.01275000	0.00093285	0.01275000	0.00081019	0.01275000	0.00133144	0.01275000	0.00113843	0.01275000	0.00168922	0.01275000	0.00070720	0.01275000	0.00167987
0.01745000	0.00217327	0.01745000	0.00077167	0.01745000	0.00155811	0.01745000	0.00144443	0.01745000	0.00162200	0.01745000	0.00105107	0.01745000	0.00085634	0.01745000	0.00076026	0.01745000	0.00131801	0.01745000	0.00111542	0.01745000	0.00168287	0.01745000	0.00070490	0.01745000	0.00166177
0.02215000	0.00216135	0.02215000	0.00076800	0.02215000	0.00152661	0.02215000	0.00143072	0.02215000	0.00161146	0.02215000	0.00102241	0.02215000	0.00077897	0.02215000	0.00070915	0.02215000	0.00130596	0.02215000	0.00109117	0.02215000	0.00167647	0.02215000	0.00070286	0.02215000	0.00164504
0.02685000	0.00214958	0.02685000	0.00076402	0.02685000	0.00149365	0.02685000	0.00141653	0.02685000	0.00159966	0.02685000	0.00099365	0.02685000	0.00070109	0.02685000	0.00065758	0.02685000	0.00129325	0.02685000	0.00106733	0.02685000	0.00167030	0.02685000	0.00070108	0.02685000	0.00162698
0.03155000	0.00213818	0.03155000	0.00076017	0.03155000	0.00146160	0.03155000	0.00140173	0.03155000	0.00158935	0.03155000	0.00096520	0.03155000	0.00062383	0.03155000	0.00060373	0.03155000	0.00127946	0.03155000	0.00104485	0.03155000	0.00166440	0.03155000	0.00069913	0.03155000	0.00160777
0.03625000	0.00212372	0.03625000	0.00075646	0.03625000	0.00142611	0.03625000	0.00138665	0.03625000	0.00157825	0.03625000	0.00093430	0.03625000	0.00054623	0.03625000	0.00054751	0.03625000	0.00126555	0.03625000	0.00101993	0.03625000	0.00165739	0.03625000	0.00069682	0.03625000	0.00158874
0.04095000	0.00210976	0.04095000	0.00075238	0.04095000	0.00139108	0.04095000	0.00137096	0.04095000	0.00156611	0.04095000	0.00090503	0.04095000	0.00046857	0.04095000	0.00048972	0.04095000	0.00125145	0.04095000	0.00099565	0.04095000	0.00165036	0.04095000	0.00069464	0.04095000	0.00156931
0.04565000	0.00209667	0.04565000	0.00074836	0.04565000	0.00135495	0.04565000	0.00135542	0.04565000	0.00155434	0.04565000	0.00087469	0.04565000	0.00039009	0.04565000	0.00043095	0.04565000	0.00123576	0.04565000	0.00097071	0.04565000	0.00164181	0.04565000	0.00069305	0.04565000	0.00154912
0.05035000	0.00208131	0.05035000	0.00074417	0.05035000	0.00131891	0.05035000	0.00133786	0.05035000	0.00154113	0.05035000	0.00084360	0.05035000	0.00031236	0.05035000	0.00036907	0.05035000	0.00121921	0.05035000	0.00094552	0.05035000	0.00163280	0.05035000	0.00069102	0.05035000	0.00152710
0.05505000	0.00206961	0.05505000	0.00074003	0.05505000	0.00128140	0.05505000	0.00132028	0.05505000	0.00152827	0.05505000	0.00081203	0.05505000	0.00023479	0.05505000	0.00030448	0.05505000	0.00120367	0.05505000	0.00092049	0.05505000	0.00162466	0.05505000	0.00068885	0.05505000	0.00150437
0.05975000	0.00205637	0.05975000	0.00073580	0.05975000	0.00124354	0.05975000	0.00130351	0.05975000	0.00151394	0.05975000	0.00078002	0.05975000	0.00015672	0.05975000	0.00023790	0.05975000	0.00118789	0.05975000	0.00089471	0.05975000	0.00161770	0.05975000	0.00068713	0.05975000	0.00148112
0.06445000	0.00204053	0.06445000	0.00073137	0.06445000	0.00120510	0.06445000	0.00128469	0.06445000	0.00149981	0.06445000	0.00074683	0.06445000	0.00007878	0.06445000	0.00016808	0.06445000	0.00117143	0.06445000	0.00086865	0.06445000	0.00160979	0.06445000	0.00068476	0.06445000	0.00145799
0.06915000	0.00202733	0.06915000	0.00072666	0.06915000	0.00116637	0.06915000	0.00126747	0.06915000	0.00148612	0.06915000	0.00071467	0.06915000	-0.00000110	0.06915000	0.00009518	0.06915000	0.00115410	0.06915000	0.00084157	0.06915000	0.00160056	0.06915000	0.00068258	0.06915000	0.00143366
0.07385000	0.00201190	0.07385000	0.00072120	0.07385000	0.00112533	0.07385000	0.00124751	0.07385000	0.00147120	0.07385000	0.00068094	0.07385000	-0.00007935	0.07385000	0.00001968	0.07385000	0.00113500	0.07385000	0.00081470	0.07385000	0.00159011	0.07385000	0.00068058	0.07385000	0.00140921
0.07850000	0.00199608	0.07850000	0.00071663	0.07850000	0.00108528	0.07850000	0.00122765	0.07850000	0.00145616	0.07850000	0.00064656	0.07850000	-0.00015888	0.07850000	-0.00005908	0.07850000	0.00111814	0.07850000	0.00078827	0.07850000	0.00157957	0.07850000	0.00067758	0.07850000	0.00138306
0.08320000	0.00198037	0.08320000	0.00071161	0.08320000	0.00104202	0.08320000	0.00120646	0.08320000	0.00143941	0.08320000	0.00061321	0.08320000	-0.00023823	0.08320000	-0.00014265	0.08320000	0.00109800	0.08320000	0.00076101	0.08320000	0.00157101	0.08320000	0.00067422	0.08320000	0.00135515
0.08790000	0.00196405	0.08790000	0.00070598	0.08790000	0.00099941	0.08790000	0.00118679	0.08790000	0.00142295	0.08790000	0.00057868	0.08790000	-0.00031783	0.08790000	-0.00022739	0.08790000	0.00107846	0.08790000	0.00073343	0.08790000	0.00156178	0.08790000	0.00067197	0.08790000	0.00132765
0.09260000	0.00194630	0.09260000	0.00070078	0.09260000	0.00095613	0.09260000	0.00116604	0.09260000	0.00140726	0.09260000	0.00054372	0.09260000	-0.00039946	0.09260000	-0.00031696	0.09260000	0.00105826	0.09260000	0.00070514	0.09260000	0.00155030	0.09260000	0.00066940	0.09260000	0.00130027
0.09730000	0.00192973	0.09730000	0.00069501	0.09730000	0.00091190	0.09730000	0.00114348	0.09730000	0.00139025	0.09730000	0.00050743	0.09730000	-0.00047795	0.09730000	-0.00040984	0.09730000	0.00103649	0.09730000	0.00067642	0.09730000	0.00153990	0.09730000	0.00066693	0.09730000	0.00127202
0.10200000	0.00191214	0.10200000	0.00068859	0.10200000	0.00086199	0.10200000	0.00112037	0.10200000	0.00137311	0.10200000	0.00047107	0.10200000	-0.00055792	0.10200000	-0.00050576	0.10200000	0.00101655	0.10200000	0.00064741	0.10200000	0.00152877	0.10200000	0.00066410	0.10200000	0.00124229
0.10670000	0.00189367	0.10670000	0.00068259	0.10670000	0.00081611	0.10670000	0.00109806	0.10670000	0.00135500	0.10670000	0.00043409	0.10670000	-0.00063831	0.10670000	-0.00060603	0.10670000	0.00099387	0.10670000	0.00061851	0.10670000	0.00151724	0.10670000	0.00066097	0.10670000	0.00121276
0.11140000	0.00187445	0.11140000	0.00067617	0.11140000	0.00076802	0.11140000	0.00107484	0.11140000	0.00133598	0.11140000	0.00039649	0.11140000	-0.00071862	0.11140000	-0.00071021	0.11140000	0.00097036	0.11140000	0.00058855	0.11140000	0.00150405	0.11140000	0.00065795	0.11140000	0.00118073
0.11610000	0.00185612	0.11610000	0.00066995	0.11610000	0.00071916	0.11610000	0.00105112	0.11610000	0.00131677	0.11610000	0.00035772	0.11610000	-0.00080011	0.11610000	-0.00081791	0.11610000	0.00094710	0.11610000	0.00055808	0.11610000	0.00149219	0.11610000	0.00065503	0.11610000	0.00114987
0.12080000	0.00183693	0.12080000	0.00066358	0.12080000	0.00066879	0.12080000	0.00102523	0.12080000	0.00129728	0.12080000	0.00031847	0.12080000	-0.00088131	0.12080000	-0.00092935	0.12080000	0.00092277	0.12080000	0.00052724	0.12080000	0.00147968	0.12080000	0.00065163	0.12080000	0.00111678
0.12550000	0.00181606	0.12550000	0.00065609	0.12550000	0.00061655	0.12550000	0.00099976	0.12550000	0.00127774	0.12550000	0.00027925	0.12550000	-0.00096326	0.12550000	-0.00104760	0.12550000	0.00089833	0.12550000	0.00049535	0.12550000	0.00146645	0.12550000	0.00064801	0.12550000	0.00108307
0.13020000	0.00179473	0.13020000	0.00064949	0.13020000	0.00056326	0.13020000	0.00097467	0.13020000	0.00125687	0.13020000	0.00023922	0.13020000	-0.00104448	0.13020000	-0.00116794	0.13020000	0.00087205	0.13020000	0.00046329	0.13020000	0.00145246	0.13020000	0.00064526	0.13020000	0.00104809
0.13490000	0.00177419	0.13490000	0.00064238	0.13490000	0.00050877	0.13490000	0.00094889	0.13490000	0.00123649	0.13490000	0.00019855	0.13490000	-0.00112708	0.13490000	-0.00129289	0.13490000	0.00084437	0.13490000	0.00043058	0.13490000	0.00143805	0.13490000	0.00064171	0.13490000	0.00101241
0.13960000	0.00175188	0.13960000	0.00063452	0.13960000	0.00045257	0.13960000	0.00092136	0.13960000	0.00121511	0.13960000	0.00015762	0.13960000	-0.00120965	0.13960000	-0.00142270	0.13960000	0.00081679	0.13960000	0.00039712	0.13960000	0.00142356	0.13960000	0.00063808	0.13960000	0.00097507
0.14430000	0.00173019	0.14430000	0.00062719	0.14430000	0.00039426	0.14430000	0.00089124	0.14430000	0.00119372	0.14430000	0.00011585	0.14430000	-0.00129234	0.14430000	-0.00155666	0.14430000	0.00078912	0.14430000	0.00036307	0.14430000	0.00140786	0.14430000	0.00063439	0.14430000	0.00093847
0.14900000	0.00170595	0.14900000	0.00061965	0.14900000	0.00033534	0.14900000	0.00086435	0.14900000	0.00117028	0.14900000	0.00007229	0.14900000	-0.00137533	0.14900000	-0.00169632	0.14900000	0.00075932	0.14900000	0.00032852	0.14900000	0.00139118	0.14900000	0.00063035	0.14900000	0.00090238
0.15370000	0.00168201	0.15370000	0.00061133	0.15370000	0.00027407	0.15370000	0.00083654	0.15370000	0.00114551	0.15370000	0.00002856	0.15370000	-0.00145827	0.15370000	-0.00184019	0.15370000	0.00072903	0.15370000	0.00029372	0.15370000	0.00137519	0.15370000	0.00062632	0.15370000	0.00086308
0.15840000	0.00165771	0.15840000	0.00060278	0.15840000	0.00021058	0.15840000	0.00080792	0.15840000	0.00112146	0.15840000	-0.00001584	0.15840000	-0.00154135	0.15840000	-0.00198852	0.15840000	0.00069803	0.15840000	0.00025839	0.15840000	0.00135654	0.15840000	0.00062206	0.15840000	0.00082210
0.16310000	0.00163270	0.16310000	0.00059401	0.16310000	0.00014676	0.16310000	0.00077862	0.16310000	0.00109786	0.16310000	-0.00006087	0.16310000	-0.00162476	0.16310000	-0.00214272	0.16310000	0.00066504	0.16310000	0.00022190	0.16310000	0.00133846	0.16310000	0.00061774	0.16310000	0.00078136
0.16780000	0.00160683	0.16780000	0.00058510	0.16780000	0.00007798	0.16780000	0.00074785	0.16780000	0.00107298	0.16780000	-0.00010721	0.16780000	-0.00170839	0.16780000	-0.00230085	0.16780000	0.00063198	0.16780000	0.00018465	0.16780000	0.00131996	0.16780000	0.00061322	0.16780000	0.00074086
0.17250000	0.00157926	0.17250000	0.00057609	0.17250000	0.00001083	0.17250000	0.00071836	0.17250000	0.00104718	0.17250000	-0.00015375	0.17250000	-0.00179291	0.17250000	-0.00246473	0.17250000	0.00059765	0.17250000	0.00014703	0.17250000	0.00130047	0.17250000	0.00060893	0.17250000	0.00069828
0.17720000	0.00155093	0.17720000	0.00056668	0.17720000	-0.00005881	0.17720000	0.00068657	0.17720000	0.00101974	0.17720000	-0.00020075	0.17720000	-0.00187780	0.17720000	-0.00263528	0.17720000	0.00056238	0.17720000	0.00010826	0.17720000	0.00128004	0.17720000	0.00060362	0.17720000	0.00065300
0.18190000	0.00152259	0.18190000	0.00055677	0.18190000	-0.00013438	0.18190000	0.00065535	0.18190000	0.00099268	0.18190000	-0.00024935	0.18190000	-0.00196325	0.18190000	-0.00281039	0.18190000	0.00052616	0.18190000	0.00006878	0.18190000	0.00125903	0.18190000	0.00059889	0.18190000	0.00060835
0.18660000	0.00149223	0.18660000	0.00054676	0.18660000	-0.00020777	0.18660000	0.00062253	0.18660000	0.00096383	0.18660000	-0.00029832	0.18660000	-0.00204924	0.18660000	-0.00299145	0.18660000	0.00049008	0.18660000	0.00002798	0.18660000	0.00123736	0.18660000	0.00059433	0.18660000	0.00056178
0.19130000	0.00146164	0.19130000	0.00053629	0.19130000	-0.00028407	0.19130000	0.00058965	0.19130000	0.00093520	0.19130000	-0.00034726	0.19130000	-0.00213487	0.19130000	-0.00317919	0.19130000	0.00045000	0.19130000	-0.00001399	0.19130000	0.00121598	0.19130000	0.00058863	0.19130000	0.00051605
0.19595000	0.00142961	0.19595000	0.00052554	0.19595000	-0.00036133	0.19595000	0.00055693	0.19595000	0.00090391	0.19595000	-0.00039771	0.19595000	-0.00221990	0.19595000	-0.00337015	0.19595000	0.00041019	0.19595000	-0.00005544	0.19595000	0.00119282	0.19595000	0.00058242	0.19595000	0.00047073
0.20065000	0.00139655	0.20065000	0.00051467	0.20065000	-0.00044283	0.20065000	0.00052340	0.20065000	0.00087410	0.20065000	-0.00044867	0.20065000	-0.00230733	0.20065000	-0.00357057	0.20065000	0.00037041	0.20065000	-0.00009852	0.20065000	0.00116974	0.20065000	0.00057629	0.20065000	0.00042088
0.20535000	0.00136296	0.20535000	0.00050323	0.20535000	-0.00052654	0.20535000	0.00048785	0.20535000	0.00084368	0.20535000	-0.00050070	0.20535000	-0.00239572	0.20535000	-0.00377743	0.20535000	0.00032794	0.20535000	-0.00014260	0.20535000	0.00114530	0.20535000	0.00057000	0.20535000	0.00037197
0.21005000	0.00132777	0.21005000	0.00049132	0.21005000	-0.00061224	0.21005000	0.00045319	0.21005000	0.00081184	0.21005000	-0.00055421	0.21005000	-0.00248353	0.21005000	-0.00399427	0.21005000	0.00028423	0.21005000	-0.00018774	0.21005000	0.00111937	0.21005000	0.00056325	0.21005000	0.00032099
0.21475000	0.00129179	0.21475000	0.00047944	0.21475000	-0.00070063	0.21475000	0.00041740	0.21475000	0.00077978	0.21475000	-0.00060783	0.21475000	-0.00257273	0.21475000	-0.00421576	0.21475000	0.00023939	0.21475000	-0.00023431	0.21475000	0.00109164	0.21475000	0.00055646	0.21475000	0.00026877
0.21945000	0.00125449	0.21945000	0.00046721	0.21945000	-0.00079291	0.21945000	0.00038117	0.21945000	0.00074636	0.21945000	-0.00066276	0.21945000	-0.00266157	0.21945000	-0.00444428	0.21945000	0.00019260	0.21945000	-0.00028181	0.21945000	0.00106375	0.21945000	0.00054953	0.21945000	0.00021694
0.22415000	0.00121509	0.22415000	0.00045406	0.22415000	-0.00088716	0.22415000	0.00034364	0.22415000	0.00071249	0.22415000	-0.00071924	0.22415000	-0.00275256	0.22415000	-0.00468020	0.22415000	0.00014551	0.22415000	-0.00032957	0.22415000	0.00103495	0.22415000	0.00054171	0.22415000	0.00016368
0.22885000	0.00117379	0.22885000	0.00044028	0.22885000	-0.00098314	0.22885000	0.00030514	0.22885000	0.00067614	0.22885000	-0.00077512	0.22885000	-0.00284387	0.22885000	-0.00492446	0.22885000	0.00009741	0.22885000	-0.00037953	0.22885000	0.00100539	0.22885000	0.00053334	0.22885000	0.00011004
0.23355000	0.00113115	0.23355000	0.00042698	0.23355000	-0.00108251	0.23355000	0.00026683	0.23355000	0.00063969	0.23355000	-0.00083294	0.23355000	-0.00293562	0.23355000	-0.00517704	0.23355000	0.00004615	0.23355000	-0.00043131	0.23355000	0.00097335	0.23355000	0.00052428	0.23355000	0.00005502
0.23825000	0.00108953	0.23825000	0.00041248	0.23825000	-0.00118583	0.23825000	0.00022841	0.23825000	0.00060342	0.23825000	-0.00089246	0.23825000	-0.00302868	0.23825000	-0.00543855	0.23825000	-0.00000681	0.23825000	-0.00048293	0.23825000	0.00094090	0.23825000	0.00051465	0.23825000	-0.00000222
0.24295000	0.00104640	0.24295000	0.00039773	0.24295000	-0.00129234	0.24295000	0.00018892	0.24295000	0.00056599	0.24295000	-0.00095265	0.24295000	-0.00312272	0.24295000	-0.00570887	0.24295000	-0.00005839	0.24295000	-0.00053697	0.24295000	0.00090580	0.24295000	0.00050433	0.24295000	-0.00005857
0.24765000	0.00100125	0.24765000	0.00038325	0.24765000	-0.00140247	0.24765000	0.00014885	0.24765000	0.00052802	0.24765000	-0.00101212	0.24765000	-0.00321803	0.24765000	-0.00598889	0.24765000	-0.00011394	0.24765000	-0.00059222	0.24765000	0.00087071	0.24765000	0.00049408	0.24765000	-0.00011920
0.25235000	0.00095398	0.25235000	0.00036737	0.25235000	-0.00151456	0.25235000	0.00010853	0.25235000	0.00048885	0.25235000	-0.00107436	0.25235000	-0.00331326	0.25235000	-0.00627965	0.25235000	-0.00017248	0.25235000	-0.00064800	0.25235000	0.00083370	0.25235000	0.00048259	0.25235000	-0.00018131
0.25705000	0.00090483	0.25705000	0.00035108	0.25705000	-0.00163089	0.25705000	0.00006466	0.25705000	0.00044843	0.25705000	-0.00113762	0.25705000	-0.00341002	0.25705000	-0.00658012	0.25705000	-0.00023293	0.25705000	-0.00070575	0.25705000	0.00079653	0.25705000	0.00047050	0.25705000	-0.00024391
0.26175000	0.00085485	0.26175000	0.00033427	0.26175000	-0.00175164	0.26175000	0.00002244	0.26175000	0.00040683	0.26175000	-0.00120174	0.26175000	-0.00350746	0.26175000	-0.00689189	0.26175000	-0.00029486	0.26175000	-0.00076570	0.26175000	0.00075716	0.26175000	0.00045674	0.26175000	-0.00030865
0.26645000	0.00080275	0.26645000	0.00031674	0.26645000	-0.00187567	0.26645000	-0.00002044	0.26645000	0.00036419	0.26645000	-0.00126705	0.26645000	-0.00360664	0.26645000	-0.00721768	0.26645000	-0.00035980	0.26645000	-0.00082629	0.26645000	0.00071704	0.26645000	0.00044201	0.26645000	-0.00037460
0.27115000	0.00074985	0.27115000	0.00029902	0.27115000	-0.00200405	0.27115000	-0.00006397	0.27115000	0.00032126	0.27115000	-0.00133356	0.27115000	-0.00370750	0.27115000	-0.00755840	0.27115000	-0.00042739	0.27115000	-0.00088865	0.27115000	0.00067448	0.27115000	0.00042690	0.27115000	-0.00044147
0.27585000	0.00069498	0.27585000	0.00028077	0.27585000	-0.00213554	0.27585000	-0.00011202	0.27585000	0.00027637	0.27585000	-0.00140124	0.27585000	-0.00380873	0.27585000	-0.00790987	0.27585000	-0.00049772	0.27585000	-0.00095360	0.27585000	0.00063146	0.27585000	0.00040942	0.27585000	-0.00051059
0.28055000	0.00063899	0.28055000	0.00026150	0.28055000	-0.00227177	0.28055000	-0.00015594	0.28055000	0.00023137	0.28055000	-0.00147064	0.28055000	-0.00391075	0.28055000	-0.00827889	0.28055000	-0.00057031	0.28055000	-0.00101939	0.28055000	0.00058715	0.28055000	0.00039102	0.28055000	-0.00058007
0.28525000	0.00057969	0.28525000	0.00024179	0.28525000	-0.00241189	0.28525000	-0.00020164	0.28525000	0.00018479	0.28525000	-0.00154110	0.28525000	-0.00401501	0.28525000	-0.00866610	0.28525000	-0.00064648	0.28525000	-0.00108711	0.28525000	0.00053915	0.28525000	0.00037108	0.28525000	-0.00065225
0.28995000	0.00051908	0.28995000	0.00022136	0.28995000	-0.00255660	0.28995000	-0.00024783	0.28995000	0.00013673	0.28995000	-0.00161296	0.28995000	-0.00412167	0.28995000	-0.00906998	0.28995000	-0.00072554	0.28995000	-0.00115601	0.28995000	0.00049165	0.28995000	0.00034978	0.28995000	-0.00072631
0.29465000	0.00045536	0.29465000	0.00020029	0.29465000	-0.00270521	0.29465000	-0.00029526	0.29465000	0.00008686	0.29465000	-0.00168638	0.29465000	-0.00423003	0.29465000	-0.00907385	0.29465000	-0.00080634	0.29465000	-0.00122714	0.29465000	0.00044128	0.29465000	0.00032646	0.29465000	-0.00080351
0.29935000	0.00039046	0.29935000	0.00017860	0.29935000	-0.00285800	0.29935000	-0.00034331	0.29935000	0.00003705	0.29935000	-0.00176134	0.29935000	-0.00433820	0.29935000	-0.00907384	0.29935000	-0.00089076	0.29935000	-0.00130074	0.29935000	0.00038913	0.29935000	0.00030043	0.29935000	-0.00088181
0.30405000	0.00032359	0.30405000	0.00015577	0.30405000	-0.00301566	0.30405000	-0.00039276	0.30405000	-0.00001401	0.30405000	-0.00183767	0.30405000	-0.00444815	0.30405000	-0.00907385	0.30405000	-0.00097658	0.30405000	-0.00137646	0.30405000	0.00033554	0.30405000	0.00027309	0.30405000	-0.00095998
0.30870000	0.00025610	0.30870000	0.00013234	0.30870000	-0.00317614	0.30870000	-0.00044218	0.30870000	-0.00006609	0.30870000	-0.00191387	0.30870000	-0.00455884	0.30870000	-0.00907384	0.30870000	-0.00106614	0.30870000	-0.00145294	0.30870000	0.00028108	0.30870000	0.00024345	0.30870000	-0.00104108
0.31340000	0.00018569	0.31340000	0.00010782	0.31340000	-0.00334393	0.31340000	-0.00049338	0.31340000	-0.00012106	0.31340000	-0.00199285	0.31340000	-0.00467346	0.31340000	-0.00907383	0.31340000	-0.00116031	0.31340000	-0.00153253	0.31340000	0.00022376	0.31340000	0.00021125	0.31340000	-0.00112455
0.31810000	0.00011167	0.31810000	0.00008162	0.31810000	-0.00351732	0.31810000	-0.00054526	0.31810000	-0.00017614	0.31810000	-0.00207410	0.31810000	-0.00478991	0.31810000	-0.00907383	0.31810000	-0.00125723	0.31810000	-0.00161481	0.31810000	0.00016538	0.31810000	0.00017614	0.31810000	-0.00121125
0.32280000	0.00003642	0.32280000	0.00005620	0.32280000	-0.00369582	0.32280000	-0.00059849	0.32280000	-0.00023165	0.32280000	-0.00215603	0.32280000	-0.00490830	0.32280000	-0.00907383	0.32280000	-0.00135804	0.32280000	-0.00169839	0.32280000	0.00010522	0.32280000	0.00013828	0.32280000	-0.00130002
0.32750000	-0.00004150	0.32750000	0.00002881	0.32750000	-0.00388132	0.32750000	-0.00065260	0.32750000	-0.00028946	0.32750000	-0.00224047	0.32750000	-0.00502715	0.32750000	-0.00907384	0.32750000	-0.00146147	0.32750000	-0.00178537	0.32750000	0.00004186	0.32750000	0.00009759	0.32750000	-0.00139159
0.33220000	-0.00012177	0.33220000	0.00000071	0.33220000	-0.00407286	0.33220000	-0.00070788	0.33220000	-0.00034896	0.33220000	-0.00232606	0.33220000	-0.00514353	0.33220000	-0.00907383	0.33220000	-0.00156861	0.33220000	-0.00187451	0.33220000	-0.00002321	0.33220000	0.00005313	0.33220000	-0.00148555
0.33690000	-0.00020493	0.33690000	-0.00002853	0.33690000	-0.00427073	0.33690000	-0.00076438	0.33690000	-0.00040861	0.33690000	-0.00241449	0.33690000	-0.00526689	0.33690000	-0.00907385	0.33690000	-0.00167917	0.33690000	-0.00196626	0.33690000	-0.00009042	0.33690000	0.00000519	0.33690000	-0.00158121
0.34160000	-0.00029053	0.34160000	-0.00005778	0.34160000	-0.00447491	0.34160000	-0.00082237	0.34160000	-0.00047081	0.34160000	-0.00250398	0.34160000	-0.00539356	0.34160000	-0.00907384	0.34160000	-0.00179229	0.34160000	-0.00206071	0.34160000	-0.00015874	0.34160000	-0.00004696	0.34160000	-0.00168051
0.34630000	-0.00037980	0.34630000	-0.00008817	0.34630000	-0.00468218	0.34630000	-0.00088137	0.34630000	-0.00053453	0.34630000	-0.00259583	0.34630000	-0.00552458	0.34630000	-0.00907384	0.34630000	-0.00190923	0.34630000	-0.00215742	0.34630000	-0.00022931	0.34630000	-0.00010268	0.34630000	-0.00178249
0.35100000	-0.00047129	0.35100000	-0.00011961	0.35100000	-0.00489514	0.35100000	-0.00094123	0.35100000	-0.00059897	0.35100000	-0.00268959	0.35100000	-0.00565650	0.35100000	-0.00907385	0.35100000	-0.00202978	0.35100000	-0.00225638	0.35100000	-0.00030135	0.35100000	-0.00016012	0.35100000	-0.00188710
0.35570000	-0.00056562	0.35570000	-0.00015212	0.35570000	-0.00511704	0.35570000	-0.00100228	0.35570000	-0.00066564	0.35570000	-0.00278561	0.35570000	-0.00579202	0.35570000	-0.00907384	0.35570000	-0.00215380	0.35570000	-0.00235880	0.35570000	-0.00037581	0.35570000	-0.00022068	0.35570000	-0.00199440
0.36040000	-0.00066401	0.36040000	-0.00018581	0.36040000	-0.00534630	0.36040000	-0.00106470	0.36040000	-0.00073403	0.36040000	-0.00288383	0.36040000	-0.00593140	0.36040000	-0.00907384	0.36040000	-0.00228169	0.36040000	-0.00246420	0.36040000	-0.00045254	0.36040000	-0.00028557	0.36040000	-0.00210407
0.36510000	-0.00076499	0.36510000	-0.00022048	0.36510000	-0.00558386	0.36510000	-0.00112890	0.36510000	-0.00080387	0.36510000	-0.00298370	0.36510000	-0.00607437	0.36510000	-0.00907385	0.36510000	-0.00241280	0.36510000	-0.00257281	0.36510000	-0.00053144	0.36510000	-0.00035424	0.36510000	-0.00221641
0.36980000	-0.00086863	0.36980000	-0.00025670	0.36980000	-0.00583158	0.36980000	-0.00119426	0.36980000	-0.00087503	0.36980000	-0.00308586	0.36980000	-0.00622086	0.36980000	-0.00907384	0.36980000	-0.00254729	0.36980000	-0.00268291	0.36980000	-0.00061203	0.36980000	-0.00042646	0.36980000	-0.00233226
0.37450000	-0.00097533	0.37450000	-0.00029411	0.37450000	-0.00608939	0.37450000	-0.00126115	0.37450000	-0.00094832	0.37450000	-0.00319019	0.37450000	-0.00637033	0.37450000	-0.00907383	0.37450000	-0.00268588	0.37450000	-0.00279706	0.37450000	-0.00069462	0.37450000	-0.00050200	0.37450000	-0.00245071
0.37920000	-0.00108506	0.37920000	-0.00033292	0.37920000	-0.00635679	0.37920000	-0.00132924	0.37920000	-0.00102289	0.37920000	-0.00329688	0.37920000	-0.00652404	0.37920000	-0.00907384	0.37920000	-0.00282865	0.37920000	-0.00291463	0.37920000	-0.00077970	0.37920000	-0.00058192	0.37920000	-0.00257201
0.38390000	-0.00119650	0.38390000	-0.00037258	0.38390000	-0.00662891	0.38390000	-0.00139851	0.38390000	-0.00109857	0.38390000	-0.00340545	0.38390000	-0.00668160	0.38390000	-0.00907384	0.38390000	-0.00297390	0.38390000	-0.00303521	0.38390000	-0.00086624	0.38390000	-0.00066417	0.38390000	-0.00269528
0.38860000	-0.00131143	0.38860000	-0.00041385	0.38860000	-0.00691679	0.38860000	-0.00146962	0.38860000	-0.00117669	0.38860000	-0.00351678	0.38860000	-0.00684342	0.38860000	-0.00907384	0.38860000	-0.00312415	0.38860000	-0.00315967	0.38860000	-0.00095399	0.38860000	-0.00075069	0.38860000	-0.00282234
0.39330000	-0.00143033	0.39330000	-0.00045624	0.39330000	-0.00720075	0.39330000	-0.00154263	0.39330000	-0.00125687	0.39330000	-0.00363148	0.39330000	-0.00701057	0.39330000	-0.00907385	0.39330000	-0.00327870	0.39330000	-0.00328582	0.39330000	-0.00104467	0.39330000	-0.00084074	0.39330000	-0.00295260
0.39800000	-0.00155287	0.39800000	-0.00049998	0.39800000	-0.00750284	0.39800000	-0.00161690	0.39800000	-0.00133892	0.39800000	-0.00374777	0.39800000	-0.00718331	0.39800000	-0.00907384	0.39800000	-0.00343801	0.39800000	-0.00341649	0.39800000	-0.00113747	0.39800000	-0.00093496	0.39800000	-0.00308532
0.40270000	-0.00167764	0.40270000	-0.00054542	0.40270000	-0.00782324	0.40270000	-0.00169243	0.40270000	-0.00142247	0.40270000	-0.00386711	0.40270000	-0.00736098	0.40270000	-0.00907383	0.40270000	-0.00360183	0.40270000	-0.00355113	0.40270000	-0.00123264	0.40270000	-0.00103348	0.40270000	-0.00322217
0.40740000	-0.00180440	0.40740000	-0.00059228	0.40740000	-0.00817342	0.40740000	-0.00176951	0.40740000	-0.00150762	0.40740000	-0.00398839	0.40740000	-0.00754439	0.40740000	-0.00907385	0.40740000	-0.00377208	0.40740000	-0.00368778	0.40740000	-0.00132857	0.40740000	-0.00113440	0.40740000	-0.00336120
0.41210000	-0.00193432	0.41210000	-0.00064040	0.41210000	-0.00852625	0.41210000	-0.00184810	0.41210000	-0.00159453	0.41210000	-0.00411289	0.41210000	-0.00773695	0.41210000	-0.00907385	0.41210000	-0.00394647	0.41210000	-0.00382920	0.41210000	-0.00142732	0.41210000	-0.00123932	0.41210000	-0.00350373
0.41680000	-0.00206769	0.41680000	-0.00069036	0.41680000	-0.00889851	0.41680000	-0.00192863	0.41680000	-0.00168349	0.41680000	-0.00424101	0.41680000	-0.00793514	0.41680000	-0.00907384	0.41680000	-0.00412833	0.41680000	-0.00397444	0.41680000	-0.00152793	0.41680000	-0.00134858	0.41680000	-0.00364877
0.42150000	-0.00220431	0.42150000	-0.00074174	0.42150000	-0.00907384	0.42150000	-0.00201069	0.42150000	-0.00177407	0.42150000	-0.00437199	0.42150000	-0.00814145	0.42150000	-0.00907385	0.42150000	-0.00431595	0.42150000	-0.00412435	0.42150000	-0.00163054	0.42150000	-0.00146113	0.42150000	-0.00379723
0.42615000	-0.00234201	0.42615000	-0.00079434	0.42615000	-0.00907384	0.42615000	-0.00209345	0.42615000	-0.00186550	0.42615000	-0.00450421	0.42615000	-0.00835390	0.42615000	-0.00907385	0.42615000	-0.00450994	0.42615000	-0.00427689	0.42615000	-0.00173288	0.42615000	-0.00157625	0.42615000	-0.00394760
0.43085000	-0.00248457	0.43085000	-0.00084862	0.43085000	-0.00907385	0.43085000	-0.00217862	0.43085000	-0.00195955	0.43085000	-0.00464122	0.43085000	-0.00857697	0.43085000	-0.00907385	0.43085000	-0.00471320	0.43085000	-0.00443490	0.43085000	-0.00183828	0.43085000	-0.00169535	0.43085000	-0.00410287
0.43555000	-0.00262970	0.43555000	-0.00090472	0.43555000	-0.00907379	0.43555000	-0.00226525	0.43555000	-0.00205541	0.43555000	-0.00478043	0.43555000	-0.00880698	0.43555000	-0.00907385	0.43555000	-0.00492701	0.43555000	-0.00459834	0.43555000	-0.00194537	0.43555000	-0.00181850	0.43555000	-0.00426166
0.44025000	-0.00277828	0.44025000	-0.00096067	0.44025000	-0.00907383	0.44025000	-0.00235325	0.44025000	-0.00215336	0.44025000	-0.00492337	0.44025000	-0.00904985	0.44025000	-0.00907385	0.44025000	-0.00515025	0.44025000	-0.00476777	0.44025000	-0.00205421	0.44025000	-0.00194580	0.44025000	-0.00442439
0.44495000	-0.00293116	0.44495000	-0.00101989	0.44495000	-0.00907383	0.44495000	-0.00244299	0.44495000	-0.00225253	0.44495000	-0.00506973	0.44495000	-0.00907385	0.44495000	-0.00907383	0.44495000	-0.00538442	0.44495000	-0.00494175	0.44495000	-0.00216480	0.44495000	-0.00207717	0.44495000	-0.00459162
0.44965000	-0.00308579	0.44965000	-0.00108012	0.44965000	-0.00907384	0.44965000	-0.00253363	0.44965000	-0.00235321	0.44965000	-0.00521971	0.44965000	-0.00907385	0.44965000	-0.00907384	0.44965000	-0.00563226	0.44965000	-0.00512105	0.44965000	-0.00227580	0.44965000	-0.00221077	0.44965000	-0.00476105
0.45435000	-0.00324462	0.45435000	-0.00114215	0.45435000	-0.00907384	0.45435000	-0.00262649	0.45435000	-0.00245607	0.45435000	-0.00537894	0.45435000	-0.00907388	0.45435000	-0.00907384	0.45435000	-0.00589951	0.45435000	-0.00530845	0.45435000	-0.00239001	0.45435000	-0.00234948	0.45435000	-0.00493626
0.45905000	-0.00340820	0.45905000	-0.00120519	0.45905000	-0.00907384	0.45905000	-0.00272120	0.45905000	-0.00256024	0.45905000	-0.00554039	0.45905000	-0.00907383	0.45905000	-0.00907384	0.45905000	-0.00618688	0.45905000	-0.00550168	0.45905000	-0.00250701	0.45905000	-0.00249255	0.45905000	-0.00511537
0.46375000	-0.00357436	0.46375000	-0.00126985	0.46375000	-0.00907383	0.46375000	-0.00281710	0.46375000	-0.00266640	0.46375000	-0.00570695	0.46375000	-0.00907384	0.46375000	-0.00907383	0.46375000	-0.00650200	0.46375000	-0.00570480	0.46375000	-0.00262323	0.46375000	-0.00264071	0.46375000	-0.00530000
0.46845000	-0.00374293	0.46845000	-0.00133542	0.46845000	-0.00907383	0.46845000	-0.00291457	0.46845000	-0.00277457	0.46845000	-0.00587355	0.46845000	-0.00907383	0.46845000	-0.00907384	0.46845000	-0.00685349	0.46845000	-0.00591749	0.46845000	-0.00274157	0.46845000	-0.00279333	0.46845000	-0.00549001
0.47315000	-0.00391568	0.47315000	-0.00140282	0.47315000	-0.00907383	0.47315000	-0.00301416	0.47315000	-0.00288436	0.47315000	-0.00604873	0.47315000	-0.00907382	0.47315000	-0.00907384	0.47315000	-0.00725190	0.47315000	-0.00613872	0.47315000	-0.00286189	0.47315000	-0.00295183	0.47315000	-0.00568616
0.47785000	-0.00409204	0.47785000	-0.00147179	0.47785000	-0.00907384	0.47785000	-0.00311517	0.47785000	-0.00299657	0.47785000	-0.00622633	0.47785000	-0.00907382	0.47785000	-0.00907384	0.47785000	-0.00771829	0.47785000	-0.00637176	0.47785000	-0.00298318	0.47785000	-0.00311672	0.47785000	-0.00588837
0.48255000	-0.00427194	0.48255000	-0.00154136	0.48255000	-0.00907384	0.48255000	-0.00321776	0.48255000	-0.00310973	0.48255000	-0.00640511	0.48255000	-0.00907384	0.48255000	-0.00907383	0.48255000	-0.00830469	0.48255000	-0.00661738	0.48255000	-0.00310627	0.48255000	-0.00328829	0.48255000	-0.00609712
0.48725000	-0.00445851	0.48725000	-0.00161275	0.48725000	-0.00907382	0.48725000	-0.00332204	0.48725000	-0.00322507	0.48725000	-0.00659358	0.48725000	-0.00907386	0.48725000	-0.00907384	0.48725000	-0.00907339	0.48725000	-0.00687765	0.48725000	-0.00323055	0.48725000	-0.00346637	0.48725000	-0.00631394
0.49195000	-0.00465081	0.49195000	-0.00168562	0.49195000	-0.00907383	0.49195000	-0.00342808	0.49195000	-0.00334201	0.49195000	-0.00678739	0.49195000	-0.00907383	0.49195000	-0.00907383	0.49195000	-0.00907384	0.49195000	-0.00715736	0.49195000	-0.00335780	0.49195000	-0.00364974	0.49195000	-0.00653880
0.49665000	-0.00484843	0.49665000	-0.00175883	0.49665000	-0.00907384	0.49665000	-0.00353559	0.49665000	-0.00346061	0.49665000	-0.00698943	0.49665000	-0.00907383	0.49665000	-0.00907384	0.49665000	-0.00907384	0.49665000	-0.00745445	0.49665000	-0.00348597	0.49665000	-0.00383843	0.49665000	-0.00677404
0.50135000	-0.00505158	0.50135000	-0.00183374	0.50135000	-0.00907385	0.50135000	-0.00364468	0.50135000	-0.00358120	0.50135000	-0.00719817	0.50135000	-0.00907384	0.50135000	-0.00907385	0.50135000	-0.00907384	0.50135000	-0.00778081	0.50135000	-0.00361606	0.50135000	-0.00403682	0.50135000	-0.00702034
0.50605000	-0.00526081	0.50605000	-0.00191010	0.50605000	-0.00907384	0.50605000	-0.00375520	0.50605000	-0.00370338	0.50605000	-0.00741375	0.50605000	-0.00907384	0.50605000	-0.00907383	0.50605000	-0.00907385	0.50605000	-0.00813639	0.50605000	-0.00374725	0.50605000	-0.00424356	0.50605000	-0.00727658
0.51075000	-0.00547870	0.51075000	-0.00198806	0.51075000	-0.00907383	0.51075000	-0.00386763	0.51075000	-0.00382763	0.51075000	-0.00762518	0.51075000	-0.00907383	0.51075000	-0.00907383	0.51075000	-0.00907385	0.51075000	-0.00853356	0.51075000	-0.00387976	0.51075000	-0.00445903	0.51075000	-0.00754592
0.51545000	-0.00570620	0.51545000	-0.00206763	0.51545000	-0.00907383	0.51545000	-0.00398188	0.51545000	-0.00395361	0.51545000	-0.00785127	0.51545000	-0.00907383	0.51545000	-0.00907384	0.51545000	-0.00907385	0.51545000	-0.00898688	0.51545000	-0.00401413	0.51545000	-0.00468684	0.51545000	-0.00783060
0.52015000	-0.00594334	0.52015000	-0.00214843	0.52015000	-0.00907383	0.52015000	-0.00409754	0.52015000	-0.00408163	0.52015000	-0.00809005	0.52015000	-0.00907383	0.52015000	-0.00907383	0.52015000	-0.00907385	0.52015000	-0.00907384	0.52015000	-0.00415010	0.52015000	-0.00492872	0.52015000	-0.00813378
0.52485000	-0.00618920	0.52485000	-0.00223106	0.52485000	-0.00907384	0.52485000	-0.00421520	0.52485000	-0.00421157	0.52485000	-0.00834077	0.52485000	-0.00907383	0.52485000	-0.00907383	0.52485000	-0.00907385	0.52485000	-0.00907383	0.52485000	-0.00428769	0.52485000	-0.00518465	0.52485000	-0.00845768
0.52955000	-0.00644751	0.52955000	-0.00231560	0.52955000	-0.00907384	0.52955000	-0.00433430	0.52955000	-0.00434339	0.52955000	-0.00860438	0.52955000	-0.00907383	0.52955000	-0.00907383	0.52955000	-0.00907384	0.52955000	-0.00907384	0.52955000	-0.00442738	0.52955000	-0.00545850	0.52955000	-0.00880386
0.53425000	-0.00672000	0.53425000	-0.00240110	0.53425000	-0.00907384	0.53425000	-0.00445568	0.53425000	-0.00447731	0.53425000	-0.00887846	0.53425000	-0.00907384	0.53425000	-0.00907384	0.53425000	-0.00907384	0.53425000	-0.00907384	0.53425000	-0.00456931	0.53425000	-0.00573899	0.53425000	-0.00907382
0.53895000	-0.00700908	0.53895000	-0.00248815	0.53895000	-0.00907383	0.53895000	-0.00457893	0.53895000	-0.00461366	0.53895000	-0.00907385	0.53895000	-0.00907384	0.53895000	-0.00907382	0.53895000	-0.00907384	0.53895000	-0.00907384	0.53895000	-0.00471322	0.53895000	-0.00604924	0.53895000	-0.00907382
0.54360000	-0.00731230	0.54360000	-0.00257521	0.54360000	-0.00907384	0.54360000	-0.00470208	0.54360000	-0.00474932	0.54360000	-0.00907384	0.54360000	-0.00907383	0.54360000	-0.00907384	0.54360000	-0.00907385	0.54360000	-0.00907385	0.54360000	-0.00485715	0.54360000	-0.00638183	0.54360000	-0.00907385
0.54830000	-0.00764344	0.54830000	-0.00266479	0.54830000	-0.00907384	0.54830000	-0.00482909	0.54830000	-0.00488903	0.54830000	-0.00907384	0.54830000	-0.00907383	0.54830000	-0.00907383	0.54830000	-0.00907384	0.54830000	-0.00907385	0.54830000	-0.00500565	0.54830000	-0.00674553	0.54830000	-0.00907385
0.55300000	-0.00800797	0.55300000	-0.00275528	0.55300000	-0.00907384	0.55300000	-0.00495761	0.55300000	-0.00503109	0.55300000	-0.00907382	0.55300000	-0.00907385	0.55300000	-0.00907383	0.55300000	-0.00907385	0.55300000	-0.00907384	0.55300000	-0.00515644	0.55300000	-0.00714357	0.55300000	-0.00907384
0.55770000	-0.00841086	0.55770000	-0.00284702	0.55770000	-0.00907384	0.55770000	-0.00508879	0.55770000	-0.00517566	0.55770000	-0.00907384	0.55770000	-0.00907382	0.55770000	-0.00907384	0.55770000	-0.00907384	0.55770000	-0.00907384	0.55770000	-0.00530853	0.55770000	-0.00759106	0.55770000	-0.00907384
0.56240000	-0.00886675	0.56240000	-0.00293981	0.56240000	-0.00907384	0.56240000	-0.00522198	0.56240000	-0.00532219	0.56240000	-0.00907385	0.56240000	-0.00907385	0.56240000	-0.00907383	0.56240000	-0.00907384	0.56240000	-0.00907385	0.56240000	-0.00546300	0.56240000	-0.00809716	0.56240000	-0.00907382
0.56710000	-0.00907384	0.56710000	-0.00303411	0.56710000	-0.00907383	0.56710000	-0.00535712	0.56710000	-0.00547124	0.56710000	-0.00907382	0.56710000	-0.00907385	0.56710000	-0.00907382	0.56710000	-0.00907384	0.56710000	-0.00907384	0.56710000	-0.00561992	0.56710000	-0.00868990	0.56710000	-0.00907384
0.57180000	-0.00907384	0.57180000	-0.00313044	0.57180000	-0.00907383	0.57180000	-0.00549577	0.57180000	-0.00562250	0.57180000	-0.00907383	0.57180000	-0.00907384	0.57180000	-0.00907383	0.57180000	-0.00907383	0.57180000	-0.00907384	0.57180000	-0.00578012	0.57180000	-0.00907383	0.57180000	-0.00907385
0.57650000	-0.00907383	0.57650000	-0.00322807	0.57650000	-0.00907384	0.57650000	-0.00563490	0.57650000	-0.00577672	0.57650000	-0.00907383	0.57650000	-0.00907384	0.57650000	-0.00907383	0.57650000	-0.00907383	0.57650000	-0.00907385	0.57650000	-0.00594300	0.57650000	-0.00907388	0.57650000	-0.00907383
0.58120000	-0.00907384	0.58120000	-0.00332729	0.58120000	-0.00907383	0.58120000	-0.00577690	0.58120000	-0.00593405	0.58120000	-0.00907384	0.58120000	-0.00907383	0.58120000	-0.00907383	0.58120000	-0.00907384	0.58120000	-0.00907385	0.58120000	-0.00610865	0.58120000	-0.00907387	0.58120000	-0.00907385
0.58590000	-0.00907383	0.58590000	-0.00342910	0.58590000	-0.00907383	0.58590000	-0.00592116	0.58590000	-0.00609416	0.58590000	-0.00907384	0.58590000	-0.00907383	0.58590000	-0.00907383	0.58590000	-0.00907384	0.58590000	-0.00907384	0.58590000	-0.00627844	0.58590000	-0.00907385	0.58590000	-0.00907383
0.59060000	-0.00907382	0.59060000	-0.00353195	0.59060000	-0.00907383	0.59060000	-0.00606941	0.59060000	-0.00625719	0.59060000	-0.00907384	0.59060000	-0.00907383	0.59060000	-0.00907382	0.59060000	-0.00907384	0.59060000	-0.00907384	0.59060000	-0.00645182	0.59060000	-0.00907386	0.59060000	-0.00907383
0.59530000	-0.00907383	0.59530000	-0.00363647	0.59530000	-0.00907384	0.59530000	-0.00621843	0.59530000	-0.00642419	0.59530000	-0.00907383	0.59530000	-0.00907384	0.59530000	-0.00907383	0.59530000	-0.00907384	0.59530000	-0.00907385	0.59530000	-0.00662870	0.59530000	-0.00907384	0.59530000	-0.00907384
0.60000000	-0.00907383	0.60000000	-0.00374248	0.60000000	-0.00907384	0.60000000	-0.00637036	0.60000000	-0.00659548	0.60000000	-0.00907383	0.60000000	-0.00907384	0.60000000	-0.00907383	0.60000000	-0.00907384	0.60000000	-0.00907385	0.60000000	-0.00680885	0.60000000	-0.00907385	0.60000000	-0.00907384
