Mo_300Sb_35Se_2 2026-07-09 11-07-31		Mo_300Sb_35Se_3 2026-07-09 11-09-22		Mo_300Sb_35Se_4 2026-07-09 11-10-46		Mo_300Sb_35Se_5 2026-07-09 11-13-26		Mo_300Sb_35Se_6 2026-07-09 11-14-48		Mo_300Sb_35Se_7 2026-07-09 11-18-27		Mo_300Sb_35Se_8 2026-07-09 11-27-24		Mo_300Sb_35Se_9 2026-07-09 11-33-11		Mo_300Sb_35Se_10 2026-07-09 11-38-09		Mo_300Sb_35Se_11 2026-07-09 11-44-14		Mo_300Sb_35Se_12 2026-07-09 11-50-03	
Vmeas	Imeas	Vmeas	Imeas	Vmeas	Imeas	Vmeas	Imeas	Vmeas	Imeas	Vmeas	Imeas	Vmeas	Imeas	Vmeas	Imeas	Vmeas	Imeas	Vmeas	Imeas	Vmeas	Imeas
-0.10000000	0.00360123	-0.10000000	0.00338859	-0.10000000	0.00248573	-0.10000000	0.00355854	-0.10000000	0.00388948	-0.10000000	0.00324907	-0.10000000	0.00742497	-0.10000000	0.00254311	-0.10000000	0.00315826	-0.10000000	0.00311192	-0.10000000	0.00267549
-0.09530000	0.00353966	-0.09530000	0.00333202	-0.09530000	0.00245417	-0.09530000	0.00352618	-0.09530000	0.00385169	-0.09530000	0.00317872	-0.09530000	0.00720600	-0.09530000	0.00252678	-0.09530000	0.00313993	-0.09530000	0.00310089	-0.09530000	0.00267378
-0.09060000	0.00347834	-0.09060000	0.00327613	-0.09060000	0.00242351	-0.09060000	0.00349367	-0.09060000	0.00381291	-0.09060000	0.00310701	-0.09060000	0.00698777	-0.09060000	0.00250814	-0.09060000	0.00312111	-0.09060000	0.00308644	-0.09060000	0.00267012
-0.08590000	0.00341788	-0.08590000	0.00321807	-0.08590000	0.00239126	-0.08590000	0.00346042	-0.08590000	0.00377497	-0.08590000	0.00303674	-0.08590000	0.00676809	-0.08590000	0.00249184	-0.08590000	0.00310181	-0.08590000	0.00307123	-0.08590000	0.00266522
-0.08120000	0.00335649	-0.08120000	0.00316173	-0.08120000	0.00236061	-0.08120000	0.00342633	-0.08120000	0.00373546	-0.08120000	0.00296484	-0.08120000	0.00654825	-0.08120000	0.00247191	-0.08120000	0.00308287	-0.08120000	0.00305588	-0.08120000	0.00266179
-0.07650000	0.00329319	-0.07650000	0.00310591	-0.07650000	0.00232868	-0.07650000	0.00339617	-0.07650000	0.00369695	-0.07650000	0.00289093	-0.07650000	0.00632634	-0.07650000	0.00245029	-0.07650000	0.00306289	-0.07650000	0.00303734	-0.07650000	0.00266091
-0.07180000	0.00322903	-0.07180000	0.00304715	-0.07180000	0.00229800	-0.07180000	0.00336126	-0.07180000	0.00365753	-0.07180000	0.00281757	-0.07180000	0.00610484	-0.07180000	0.00242818	-0.07180000	0.00304090	-0.07180000	0.00302118	-0.07180000	0.00265727
-0.06710000	0.00316307	-0.06710000	0.00298817	-0.06710000	0.00226633	-0.06710000	0.00332890	-0.06710000	0.00361802	-0.06710000	0.00274618	-0.06710000	0.00588161	-0.06710000	0.00240766	-0.06710000	0.00302276	-0.06710000	0.00300679	-0.06710000	0.00265224
-0.06240000	0.00309849	-0.06240000	0.00292957	-0.06240000	0.00223345	-0.06240000	0.00329342	-0.06240000	0.00357995	-0.06240000	0.00267273	-0.06240000	0.00565796	-0.06240000	0.00238614	-0.06240000	0.00300261	-0.06240000	0.00299142	-0.06240000	0.00264822
-0.05770000	0.00303381	-0.05770000	0.00286931	-0.05770000	0.00220143	-0.05770000	0.00325882	-0.05770000	0.00353816	-0.05770000	0.00259839	-0.05770000	0.00543497	-0.05770000	0.00236447	-0.05770000	0.00298400	-0.05770000	0.00297609	-0.05770000	0.00264356
-0.05300000	0.00297092	-0.05300000	0.00281229	-0.05300000	0.00216819	-0.05300000	0.00322646	-0.05300000	0.00349775	-0.05300000	0.00252285	-0.05300000	0.00521070	-0.05300000	0.00234047	-0.05300000	0.00296486	-0.05300000	0.00295866	-0.05300000	0.00263884
-0.04830000	0.00290274	-0.04830000	0.00275209	-0.04830000	0.00213771	-0.04830000	0.00319464	-0.04830000	0.00345552	-0.04830000	0.00244879	-0.04830000	0.00498637	-0.04830000	0.00231704	-0.04830000	0.00294258	-0.04830000	0.00294309	-0.04830000	0.00263376
-0.04360000	0.00283713	-0.04360000	0.00269341	-0.04360000	0.00210720	-0.04360000	0.00315790	-0.04360000	0.00341479	-0.04360000	0.00237297	-0.04360000	0.00475916	-0.04360000	0.00229213	-0.04360000	0.00292051	-0.04360000	0.00292694	-0.04360000	0.00263035
-0.03895000	0.00277113	-0.03895000	0.00263385	-0.03895000	0.00207557	-0.03895000	0.00312229	-0.03895000	0.00337148	-0.03895000	0.00229998	-0.03895000	0.00453376	-0.03895000	0.00226847	-0.03895000	0.00290096	-0.03895000	0.00291181	-0.03895000	0.00262497
-0.03425000	0.00270329	-0.03425000	0.00257220	-0.03425000	0.00204418	-0.03425000	0.00308865	-0.03425000	0.00333017	-0.03425000	0.00222333	-0.03425000	0.00430983	-0.03425000	0.00224512	-0.03425000	0.00288057	-0.03425000	0.00289397	-0.03425000	0.00262077
-0.02955000	0.00263497	-0.02955000	0.00251099	-0.02955000	0.00201178	-0.02955000	0.00305150	-0.02955000	0.00328677	-0.02955000	0.00214756	-0.02955000	0.00408400	-0.02955000	0.00222050	-0.02955000	0.00285984	-0.02955000	0.00287868	-0.02955000	0.00261538
-0.02485000	0.00256518	-0.02485000	0.00245194	-0.02485000	0.00197855	-0.02485000	0.00301582	-0.02485000	0.00324501	-0.02485000	0.00207193	-0.02485000	0.00385468	-0.02485000	0.00219588	-0.02485000	0.00283966	-0.02485000	0.00286275	-0.02485000	0.00261128
-0.02015000	0.00249753	-0.02015000	0.00239203	-0.02015000	0.00194754	-0.02015000	0.00297849	-0.02015000	0.00320230	-0.02015000	0.00199548	-0.02015000	0.00362665	-0.02015000	0.00217023	-0.02015000	0.00281750	-0.02015000	0.00284627	-0.02015000	0.00260540
-0.01545000	0.00242847	-0.01545000	0.00232931	-0.01545000	0.00191407	-0.01545000	0.00294346	-0.01545000	0.00315733	-0.01545000	0.00191840	-0.01545000	0.00339640	-0.01545000	0.00214528	-0.01545000	0.00279253	-0.01545000	0.00282546	-0.01545000	0.00260059
-0.01075000	0.00235763	-0.01075000	0.00226684	-0.01075000	0.00188137	-0.01075000	0.00290786	-0.01075000	0.00311386	-0.01075000	0.00184120	-0.01075000	0.00316719	-0.01075000	0.00212027	-0.01075000	0.00277401	-0.01075000	0.00280966	-0.01075000	0.00259458
-0.00605000	0.00228766	-0.00605000	0.00220390	-0.00605000	0.00184771	-0.00605000	0.00286786	-0.00605000	0.00306843	-0.00605000	0.00176445	-0.00605000	0.00293758	-0.00605000	0.00209377	-0.00605000	0.00275113	-0.00605000	0.00279305	-0.00605000	0.00258932
-0.00135000	0.00221874	-0.00135000	0.00214038	-0.00135000	0.00181522	-0.00135000	0.00283409	-0.00135000	0.00302511	-0.00135000	0.00168591	-0.00135000	0.00270552	-0.00135000	0.00206924	-0.00135000	0.00273007	-0.00135000	0.00277663	-0.00135000	0.00258303
0.00335000	0.00214418	0.00335000	0.00207866	0.00335000	0.00178383	0.00335000	0.00279531	0.00335000	0.00298094	0.00335000	0.00160762	0.00335000	0.00247511	0.00335000	0.00204370	0.00335000	0.00270822	0.00335000	0.00275916	0.00335000	0.00257804
0.00805000	0.00207458	0.00805000	0.00201531	0.00805000	0.00175133	0.00805000	0.00275901	0.00805000	0.00293589	0.00805000	0.00152885	0.00805000	0.00224340	0.00805000	0.00201647	0.00805000	0.00268309	0.00805000	0.00274181	0.00805000	0.00257141
0.01275000	0.00200394	0.01275000	0.00195087	0.01275000	0.00171852	0.01275000	0.00272185	0.01275000	0.00288807	0.01275000	0.00144954	0.01275000	0.00201082	0.01275000	0.00198737	0.01275000	0.00266210	0.01275000	0.00272306	0.01275000	0.00256625
0.01745000	0.00193186	0.01745000	0.00188794	0.01745000	0.00168547	0.01745000	0.00268267	0.01745000	0.00284097	0.01745000	0.00137030	0.01745000	0.00177774	0.01745000	0.00196154	0.01745000	0.00264037	0.01745000	0.00270428	0.01745000	0.00255965
0.02215000	0.00186024	0.02215000	0.00182270	0.02215000	0.00165216	0.02215000	0.00264620	0.02215000	0.00279657	0.02215000	0.00129030	0.02215000	0.00154474	0.02215000	0.00193553	0.02215000	0.00261567	0.02215000	0.00268305	0.02215000	0.00255295
0.02685000	0.00178794	0.02685000	0.00175945	0.02685000	0.00161877	0.02685000	0.00260640	0.02685000	0.00274763	0.02685000	0.00121107	0.02685000	0.00130921	0.02685000	0.00190605	0.02685000	0.00259356	0.02685000	0.00266328	0.02685000	0.00254714
0.03155000	0.00171352	0.03155000	0.00169559	0.03155000	0.00158492	0.03155000	0.00256677	0.03155000	0.00269754	0.03155000	0.00113030	0.03155000	0.00107738	0.03155000	0.00187756	0.03155000	0.00257123	0.03155000	0.00264383	0.03155000	0.00253825
0.03625000	0.00164030	0.03625000	0.00163037	0.03625000	0.00155250	0.03625000	0.00252635	0.03625000	0.00265213	0.03625000	0.00104821	0.03625000	0.00084133	0.03625000	0.00185079	0.03625000	0.00254894	0.03625000	0.00262487	0.03625000	0.00253315
0.04095000	0.00156751	0.04095000	0.00156693	0.04095000	0.00151939	0.04095000	0.00248868	0.04095000	0.00260500	0.04095000	0.00096433	0.04095000	0.00060302	0.04095000	0.00182188	0.04095000	0.00252588	0.04095000	0.00260717	0.04095000	0.00252454
0.04565000	0.00149320	0.04565000	0.00149972	0.04565000	0.00148592	0.04565000	0.00244887	0.04565000	0.00255542	0.04565000	0.00088459	0.04565000	0.00036263	0.04565000	0.00179457	0.04565000	0.00250276	0.04565000	0.00258790	0.04565000	0.00251660
0.05035000	0.00141916	0.05035000	0.00143520	0.05035000	0.00145301	0.05035000	0.00240811	0.05035000	0.00250352	0.05035000	0.00080314	0.05035000	0.00012414	0.05035000	0.00176737	0.05035000	0.00247701	0.05035000	0.00256822	0.05035000	0.00250875
0.05505000	0.00134507	0.05505000	0.00137024	0.05505000	0.00141939	0.05505000	0.00236700	0.05505000	0.00245704	0.05505000	0.00071918	0.05505000	-0.00011515	0.05505000	0.00173854	0.05505000	0.00245154	0.05505000	0.00254391	0.05505000	0.00249901
0.05975000	0.00127025	0.05975000	0.00130550	0.05975000	0.00138398	0.05975000	0.00232528	0.05975000	0.00240676	0.05975000	0.00063540	0.05975000	-0.00035527	0.05975000	0.00170865	0.05975000	0.00242518	0.05975000	0.00252467	0.05975000	0.00249033
0.06445000	0.00119522	0.06445000	0.00123872	0.06445000	0.00135084	0.06445000	0.00228297	0.06445000	0.00235774	0.06445000	0.00055074	0.06445000	-0.00059586	0.06445000	0.00167876	0.06445000	0.00240158	0.06445000	0.00250396	0.06445000	0.00248188
0.06915000	0.00111896	0.06915000	0.00117265	0.06915000	0.00131616	0.06915000	0.00224043	0.06915000	0.00230672	0.06915000	0.00046620	0.06915000	-0.00083876	0.06915000	0.00165171	0.06915000	0.00237578	0.06915000	0.00248077	0.06915000	0.00247113
0.07385000	0.00104284	0.07385000	0.00110447	0.07385000	0.00128265	0.07385000	0.00220007	0.07385000	0.00225604	0.07385000	0.00038180	0.07385000	-0.00108420	0.07385000	0.00162254	0.07385000	0.00235061	0.07385000	0.00245909	0.07385000	0.00246005
0.07850000	0.00096723	0.07850000	0.00103801	0.07850000	0.00124949	0.07850000	0.00215765	0.07850000	0.00220618	0.07850000	0.00029821	0.07850000	-0.00132621	0.07850000	0.00159495	0.07850000	0.00232564	0.07850000	0.00243683	0.07850000	0.00244946
0.08320000	0.00088821	0.08320000	0.00097033	0.08320000	0.00121480	0.08320000	0.00211568	0.08320000	0.00215337	0.08320000	0.00021077	0.08320000	-0.00157219	0.08320000	0.00156415	0.08320000	0.00229710	0.08320000	0.00241190	0.08320000	0.00243836
0.08790000	0.00081094	0.08790000	0.00090280	0.08790000	0.00117990	0.08790000	0.00207168	0.08790000	0.00210263	0.08790000	0.00012385	0.08790000	-0.00182093	0.08790000	0.00153391	0.08790000	0.00227243	0.08790000	0.00238789	0.08790000	0.00242634
0.09260000	0.00073264	0.09260000	0.00083542	0.09260000	0.00114556	0.09260000	0.00202785	0.09260000	0.00205067	0.09260000	0.00003729	0.09260000	-0.00206805	0.09260000	0.00150443	0.09260000	0.00224576	0.09260000	0.00236511	0.09260000	0.00241359
0.09730000	0.00065320	0.09730000	0.00076631	0.09730000	0.00111083	0.09730000	0.00198451	0.09730000	0.00199592	0.09730000	-0.00005036	0.09730000	-0.00232073	0.09730000	0.00147394	0.09730000	0.00221535	0.09730000	0.00233951	0.09730000	0.00239928
0.10200000	0.00057317	0.10200000	0.00069890	0.10200000	0.00107613	0.10200000	0.00193961	0.10200000	0.00194466	0.10200000	-0.00014080	0.10200000	-0.00257098	0.10200000	0.00144418	0.10200000	0.00218881	0.10200000	0.00231428	0.10200000	0.00238729
0.10670000	0.00049564	0.10670000	0.00063020	0.10670000	0.00104223	0.10670000	0.00189418	0.10670000	0.00189185	0.10670000	-0.00022888	0.10670000	-0.00282718	0.10670000	0.00141360	0.10670000	0.00215975	0.10670000	0.00228782	0.10670000	0.00237196
0.11140000	0.00041492	0.11140000	0.00056199	0.11140000	0.00100479	0.11140000	0.00184850	0.11140000	0.00183661	0.11140000	-0.00032004	0.11140000	-0.00308313	0.11140000	0.00138141	0.11140000	0.00212897	0.11140000	0.00226369	0.11140000	0.00235646
0.11610000	0.00033594	0.11610000	0.00049150	0.11610000	0.00096946	0.11610000	0.00180205	0.11610000	0.00178328	0.11610000	-0.00041074	0.11610000	-0.00334178	0.11610000	0.00135069	0.11610000	0.00209743	0.11610000	0.00223795	0.11610000	0.00234123
0.12080000	0.00025408	0.12080000	0.00042234	0.12080000	0.00093511	0.12080000	0.00175460	0.12080000	0.00172573	0.12080000	-0.00050318	0.12080000	-0.00360223	0.12080000	0.00131965	0.12080000	0.00206558	0.12080000	0.00221039	0.12080000	0.00232741
0.12550000	0.00017370	0.12550000	0.00035158	0.12550000	0.00089922	0.12550000	0.00170833	0.12550000	0.00167204	0.12550000	-0.00059538	0.12550000	-0.00386246	0.12550000	0.00128819	0.12550000	0.00203461	0.12550000	0.00218176	0.12550000	0.00230916
0.13020000	0.00009138	0.13020000	0.00028118	0.13020000	0.00086428	0.13020000	0.00165977	0.13020000	0.00161484	0.13020000	-0.00068758	0.13020000	-0.00412780	0.13020000	0.00125662	0.13020000	0.00200217	0.13020000	0.00215288	0.13020000	0.00229105
0.13490000	0.00000844	0.13490000	0.00020877	0.13490000	0.00082750	0.13490000	0.00161208	0.13490000	0.00155729	0.13490000	-0.00078154	0.13490000	-0.00439643	0.13490000	0.00122575	0.13490000	0.00197003	0.13490000	0.00212155	0.13490000	0.00227190
0.13960000	-0.00007839	0.13960000	0.00013938	0.13960000	0.00079161	0.13960000	0.00156363	0.13960000	0.00149770	0.13960000	-0.00087671	0.13960000	-0.00466866	0.13960000	0.00119332	0.13960000	0.00193871	0.13960000	0.00209158	0.13960000	0.00225129
0.14430000	-0.00016250	0.14430000	0.00006744	0.14430000	0.00075586	0.14430000	0.00151514	0.14430000	0.00144073	0.14430000	-0.00097333	0.14430000	-0.00494111	0.14430000	0.00116134	0.14430000	0.00190358	0.14430000	0.00206423	0.14430000	0.00223218
0.14900000	-0.00024658	0.14900000	-0.00000690	0.14900000	0.00071921	0.14900000	0.00146558	0.14900000	0.00138182	0.14900000	-0.00106921	0.14900000	-0.00521932	0.14900000	0.00112826	0.14900000	0.00186779	0.14900000	0.00203218	0.14900000	0.00221004
0.15370000	-0.00033213	0.15370000	-0.00008131	0.15370000	0.00068349	0.15370000	0.00141524	0.15370000	0.00132444	0.15370000	-0.00116892	0.15370000	-0.00550012	0.15370000	0.00109302	0.15370000	0.00183277	0.15370000	0.00200108	0.15370000	0.00218762
0.15840000	-0.00041851	0.15840000	-0.00015598	0.15840000	0.00064625	0.15840000	0.00136455	0.15840000	0.00126551	0.15840000	-0.00126679	0.15840000	-0.00578620	0.15840000	0.00105975	0.15840000	0.00179608	0.15840000	0.00196872	0.15840000	0.00216436
0.16310000	-0.00050634	0.16310000	-0.00022888	0.16310000	0.00060957	0.16310000	0.00131405	0.16310000	0.00120638	0.16310000	-0.00136867	0.16310000	-0.00607568	0.16310000	0.00102460	0.16310000	0.00175903	0.16310000	0.00193797	0.16310000	0.00213929
0.16780000	-0.00059469	0.16780000	-0.00030440	0.16780000	0.00057084	0.16780000	0.00126048	0.16780000	0.00114561	0.16780000	-0.00147210	0.16780000	-0.00636920	0.16780000	0.00099099	0.16780000	0.00172037	0.16780000	0.00190338	0.16780000	0.00211408
0.17250000	-0.00068287	0.17250000	-0.00037863	0.17250000	0.00053346	0.17250000	0.00120984	0.17250000	0.00108446	0.17250000	-0.00157747	0.17250000	-0.00666936	0.17250000	0.00095609	0.17250000	0.00168166	0.17250000	0.00187039	0.17250000	0.00208580
0.17720000	-0.00077289	0.17720000	-0.00045475	0.17720000	0.00049661	0.17720000	0.00115790	0.17720000	0.00102270	0.17720000	-0.00168380	0.17720000	-0.00697378	0.17720000	0.00092132	0.17720000	0.00164283	0.17720000	0.00183616	0.17720000	0.00205750
0.18190000	-0.00086407	0.18190000	-0.00053058	0.18190000	0.00045888	0.18190000	0.00110622	0.18190000	0.00095971	0.18190000	-0.00179008	0.18190000	-0.00728804	0.18190000	0.00088516	0.18190000	0.00160319	0.18190000	0.00180086	0.18190000	0.00202823
0.18660000	-0.00095598	0.18660000	-0.00060615	0.18660000	0.00041960	0.18660000	0.00105045	0.18660000	0.00089792	0.18660000	-0.00190079	0.18660000	-0.00760757	0.18660000	0.00084954	0.18660000	0.00156045	0.18660000	0.00176533	0.18660000	0.00199744
0.19130000	-0.00105043	0.19130000	-0.00068340	0.19130000	0.00038092	0.19130000	0.00099656	0.19130000	0.00083476	0.19130000	-0.00201303	0.19130000	-0.00793420	0.19130000	0.00081452	0.19130000	0.00151899	0.19130000	0.00172856	0.19130000	0.00196436
0.19595000	-0.00114281	0.19595000	-0.00076077	0.19595000	0.00034269	0.19595000	0.00094176	0.19595000	0.00077073	0.19595000	-0.00212523	0.19595000	-0.00826601	0.19595000	0.00077853	0.19595000	0.00147671	0.19595000	0.00168962	0.19595000	0.00193276
0.20065000	-0.00124079	0.20065000	-0.00083947	0.20065000	0.00030138	0.20065000	0.00088655	0.20065000	0.00070706	0.20065000	-0.00224059	0.20065000	-0.00861372	0.20065000	0.00074143	0.20065000	0.00143300	0.20065000	0.00165121	0.20065000	0.00189937
0.20535000	-0.00133879	0.20535000	-0.00092053	0.20535000	0.00026190	0.20535000	0.00083028	0.20535000	0.00064186	0.20535000	-0.00235904	0.20535000	-0.00897526	0.20535000	0.00070527	0.20535000	0.00138657	0.20535000	0.00161157	0.20535000	0.00186439
0.21005000	-0.00143900	0.21005000	-0.00100109	0.21005000	0.00022259	0.21005000	0.00077341	0.21005000	0.00057691	0.21005000	-0.00248061	0.21005000	-0.00934981	0.21005000	0.00066726	0.21005000	0.00134178	0.21005000	0.00157200	0.21005000	0.00182601
0.21475000	-0.00154106	0.21475000	-0.00108481	0.21475000	0.00018257	0.21475000	0.00071554	0.21475000	0.00050990	0.21475000	-0.00260340	0.21475000	-0.00974266	0.21475000	0.00062807	0.21475000	0.00129424	0.21475000	0.00153132	0.21475000	0.00178824
0.21945000	-0.00164541	0.21945000	-0.00116915	0.21945000	0.00014192	0.21945000	0.00065809	0.21945000	0.00044076	0.21945000	-0.00273001	0.21945000	-0.01015832	0.21945000	0.00058938	0.21945000	0.00124722	0.21945000	0.00149093	0.21945000	0.00174745
0.22415000	-0.00175229	0.22415000	-0.00125534	0.22415000	0.00010064	0.22415000	0.00059956	0.22415000	0.00037009	0.22415000	-0.00285723	0.22415000	-0.01062005	0.22415000	0.00054873	0.22415000	0.00119816	0.22415000	0.00144735	0.22415000	0.00170421
0.22885000	-0.00186123	0.22885000	-0.00134134	0.22885000	0.00005907	0.22885000	0.00053944	0.22885000	0.00030066	0.22885000	-0.00298541	0.22885000	-0.01082485	0.22885000	0.00050692	0.22885000	0.00114734	0.22885000	0.00140424	0.22885000	0.00166208
0.23355000	-0.00197234	0.23355000	-0.00142959	0.23355000	0.00001655	0.23355000	0.00048140	0.23355000	0.00023226	0.23355000	-0.00311868	0.23355000	-0.01082484	0.23355000	0.00046528	0.23355000	0.00109658	0.23355000	0.00135931	0.23355000	0.00161928
0.23825000	-0.00208781	0.23825000	-0.00152117	0.23825000	-0.00002776	0.23825000	0.00042008	0.23825000	0.00016046	0.23825000	-0.00325332	0.23825000	-0.01082484	0.23825000	0.00042463	0.23825000	0.00104392	0.23825000	0.00131475	0.23825000	0.00157204
0.24295000	-0.00220583	0.24295000	-0.00161265	0.24295000	-0.00007271	0.24295000	0.00035742	0.24295000	0.00008620	0.24295000	-0.00338954	0.24295000	-0.01082484	0.24295000	0.00038152	0.24295000	0.00099014	0.24295000	0.00126879	0.24295000	0.00152393
0.24765000	-0.00232677	0.24765000	-0.00170728	0.24765000	-0.00011750	0.24765000	0.00029462	0.24765000	0.00001461	0.24765000	-0.00352852	0.24765000	-0.01082484	0.24765000	0.00033720	0.24765000	0.00093584	0.24765000	0.00122104	0.24765000	0.00147419
0.25235000	-0.00244957	0.25235000	-0.00180442	0.25235000	-0.00016471	0.25235000	0.00023083	0.25235000	-0.00006041	0.25235000	-0.00367156	0.25235000	-0.01082484	0.25235000	0.00029293	0.25235000	0.00088024	0.25235000	0.00117244	0.25235000	0.00142202
0.25705000	-0.00257739	0.25705000	-0.00190301	0.25705000	-0.00021204	0.25705000	0.00016724	0.25705000	-0.00013746	0.25705000	-0.00381745	0.25705000	-0.01082484	0.25705000	0.00024723	0.25705000	0.00082294	0.25705000	0.00112424	0.25705000	0.00136966
0.26175000	-0.00270555	0.26175000	-0.00200362	0.26175000	-0.00026140	0.26175000	0.00010227	0.26175000	-0.00021289	0.26175000	-0.00396497	0.26175000	-0.01082485	0.26175000	0.00020061	0.26175000	0.00076450	0.26175000	0.00107169	0.26175000	0.00131397
0.26645000	-0.00283968	0.26645000	-0.00210626	0.26645000	-0.00031106	0.26645000	0.00003560	0.26645000	-0.00029256	0.26645000	-0.00411602	0.26645000	-0.01082485	0.26645000	0.00015381	0.26645000	0.00070410	0.26645000	0.00102110	0.26645000	0.00125665
0.27115000	-0.00297703	0.27115000	-0.00221147	0.27115000	-0.00036185	0.27115000	-0.00003248	0.27115000	-0.00037357	0.27115000	-0.00427022	0.27115000	-0.01082484	0.27115000	0.00010545	0.27115000	0.00064208	0.27115000	0.00096827	0.27115000	0.00119817
0.27585000	-0.00311858	0.27585000	-0.00231933	0.27585000	-0.00041366	0.27585000	-0.00010269	0.27585000	-0.00045483	0.27585000	-0.00442803	0.27585000	-0.01082484	0.27585000	0.00005511	0.27585000	0.00057925	0.27585000	0.00091378	0.27585000	0.00113591
0.28055000	-0.00326474	0.28055000	-0.00243046	0.28055000	-0.00046766	0.28055000	-0.00017241	0.28055000	-0.00053902	0.28055000	-0.00458853	0.28055000	-0.01082484	0.28055000	0.00000478	0.28055000	0.00051468	0.28055000	0.00085710	0.28055000	0.00107423
0.28525000	-0.00341356	0.28525000	-0.00254352	0.28525000	-0.00052278	0.28525000	-0.00024433	0.28525000	-0.00062392	0.28525000	-0.00475164	0.28525000	-0.01082485	0.28525000	-0.00004888	0.28525000	0.00044732	0.28525000	0.00079968	0.28525000	0.00100823
0.28995000	-0.00356628	0.28995000	-0.00265908	0.28995000	-0.00058010	0.28995000	-0.00031760	0.28995000	-0.00071119	0.28995000	-0.00491796	0.28995000	-0.01082484	0.28995000	-0.00010177	0.28995000	0.00037919	0.28995000	0.00074002	0.28995000	0.00094079
0.29465000	-0.00372393	0.29465000	-0.00277758	0.29465000	-0.00063924	0.29465000	-0.00039298	0.29465000	-0.00079964	0.29465000	-0.00509034	0.29465000	-0.01082485	0.29465000	-0.00015717	0.29465000	0.00030782	0.29465000	0.00067883	0.29465000	0.00087058
0.29935000	-0.00388487	0.29935000	-0.00289877	0.29935000	-0.00070011	0.29935000	-0.00046895	0.29935000	-0.00089094	0.29935000	-0.00526462	0.29935000	-0.01082485	0.29935000	-0.00021247	0.29935000	0.00023634	0.29935000	0.00061534	0.29935000	0.00079791
0.30405000	-0.00405283	0.30405000	-0.00302382	0.30405000	-0.00076343	0.30405000	-0.00054799	0.30405000	-0.00098532	0.30405000	-0.00544315	0.30405000	-0.01082484	0.30405000	-0.00026938	0.30405000	0.00016458	0.30405000	0.00054948	0.30405000	0.00072244
0.30870000	-0.00422323	0.30870000	-0.00315132	0.30870000	-0.00082650	0.30870000	-0.00062676	0.30870000	-0.00108057	0.30870000	-0.00562446	0.30870000	-0.01082484	0.30870000	-0.00032743	0.30870000	0.00008854	0.30870000	0.00048479	0.30870000	0.00064553
0.31340000	-0.00440002	0.31340000	-0.00328265	0.31340000	-0.00089391	0.31340000	-0.00071145	0.31340000	-0.00117980	0.31340000	-0.00581186	0.31340000	-0.01082484	0.31340000	-0.00038796	0.31340000	0.00001119	0.31340000	0.00041475	0.31340000	0.00056582
0.31810000	-0.00458222	0.31810000	-0.00341722	0.31810000	-0.00096188	0.31810000	-0.00079800	0.31810000	-0.00128067	0.31810000	-0.00600417	0.31810000	-0.01082484	0.31810000	-0.00044937	0.31810000	-0.00006888	0.31810000	0.00034348	0.31810000	0.00048204
0.32280000	-0.00477147	0.32280000	-0.00355503	0.32280000	-0.00103391	0.32280000	-0.00088706	0.32280000	-0.00138595	0.32280000	-0.00620256	0.32280000	-0.01082484	0.32280000	-0.00051234	0.32280000	-0.00015580	0.32280000	0.00026975	0.32280000	0.00039619
0.32750000	-0.00496590	0.32750000	-0.00369747	0.32750000	-0.00110736	0.32750000	-0.00097924	0.32750000	-0.00149360	0.32750000	-0.00640478	0.32750000	-0.01082484	0.32750000	-0.00057682	0.32750000	-0.00023860	0.32750000	0.00019314	0.32750000	0.00030637
0.33220000	-0.00516808	0.33220000	-0.00384486	0.33220000	-0.00118528	0.33220000	-0.00107440	0.33220000	-0.00160442	0.33220000	-0.00661659	0.33220000	-0.01082484	0.33220000	-0.00064443	0.33220000	-0.00032488	0.33220000	0.00011382	0.33220000	0.00021307
0.33690000	-0.00537791	0.33690000	-0.00399453	0.33690000	-0.00126680	0.33690000	-0.00117270	0.33690000	-0.00171624	0.33690000	-0.00683406	0.33690000	-0.01082485	0.33690000	-0.00071366	0.33690000	-0.00041282	0.33690000	0.00003225	0.33690000	0.00011706
0.34160000	-0.00559637	0.34160000	-0.00414909	0.34160000	-0.00134990	0.34160000	-0.00127513	0.34160000	-0.00183281	0.34160000	-0.00706075	0.34160000	-0.01082484	0.34160000	-0.00078528	0.34160000	-0.00050409	0.34160000	-0.00005377	0.34160000	0.00001624
0.34630000	-0.00582521	0.34630000	-0.00430973	0.34630000	-0.00143655	0.34630000	-0.00138222	0.34630000	-0.00195133	0.34630000	-0.00729630	0.34630000	-0.01082485	0.34630000	-0.00085872	0.34630000	-0.00059579	0.34630000	-0.00014300	0.34630000	-0.00008946
0.35100000	-0.00606330	0.35100000	-0.00447405	0.35100000	-0.00152647	0.35100000	-0.00149296	0.35100000	-0.00207297	0.35100000	-0.00754345	0.35100000	-0.01082484	0.35100000	-0.00093369	0.35100000	-0.00069042	0.35100000	-0.00023368	0.35100000	-0.00019703
0.35570000	-0.00631220	0.35570000	-0.00464357	0.35570000	-0.00161897	0.35570000	-0.00160886	0.35570000	-0.00219758	0.35570000	-0.00780155	0.35570000	-0.01082484	0.35570000	-0.00101075	0.35570000	-0.00078478	0.35570000	-0.00032692	0.35570000	-0.00031072
0.36040000	-0.00657479	0.36040000	-0.00481988	0.36040000	-0.00171619	0.36040000	-0.00172795	0.36040000	-0.00232661	0.36040000	-0.00807307	0.36040000	-0.01082484	0.36040000	-0.00108997	0.36040000	-0.00088300	0.36040000	-0.00042355	0.36040000	-0.00042896
0.36510000	-0.00685304	0.36510000	-0.00500483	0.36510000	-0.00181637	0.36510000	-0.00185260	0.36510000	-0.00245751	0.36510000	-0.00836022	0.36510000	-0.01082484	0.36510000	-0.00117151	0.36510000	-0.00098260	0.36510000	-0.00052412	0.36510000	-0.00055249
0.36980000	-0.00714912	0.36980000	-0.00519348	0.36980000	-0.00192008	0.36980000	-0.00198167	0.36980000	-0.00259326	0.36980000	-0.00866948	0.36980000	-0.01082484	0.36980000	-0.00125419	0.36980000	-0.00108447	0.36980000	-0.00062699	0.36980000	-0.00068140
0.37450000	-0.00746827	0.37450000	-0.00539072	0.37450000	-0.00202928	0.37450000	-0.00211529	0.37450000	-0.00273139	0.37450000	-0.00900154	0.37450000	-0.01082484	0.37450000	-0.00133779	0.37450000	-0.00119020	0.37450000	-0.00073284	0.37450000	-0.00081276
0.37920000	-0.00781482	0.37920000	-0.00559696	0.37920000	-0.00214313	0.37920000	-0.00225528	0.37920000	-0.00287384	0.37920000	-0.00936321	0.37920000	-0.01082484	0.37920000	-0.00142406	0.37920000	-0.00129447	0.37920000	-0.00084101	0.37920000	-0.00095014
0.38390000	-0.00819532	0.38390000	-0.00581145	0.38390000	-0.00226158	0.38390000	-0.00240108	0.38390000	-0.00301970	0.38390000	-0.00976412	0.38390000	-0.01082484	0.38390000	-0.00151212	0.38390000	-0.00139953	0.38390000	-0.00095212	0.38390000	-0.00109239
0.38860000	-0.00862313	0.38860000	-0.00603679	0.38860000	-0.00238465	0.38860000	-0.00255377	0.38860000	-0.00317031	0.38860000	-0.01022286	0.38860000	-0.01082484	0.38860000	-0.00160285	0.38860000	-0.00150624	0.38860000	-0.00106599	0.38860000	-0.00123950
0.39330000	-0.00910720	0.39330000	-0.00627644	0.39330000	-0.00251352	0.39330000	-0.00271348	0.39330000	-0.00332408	0.39330000	-0.01076193	0.39330000	-0.01082484	0.39330000	-0.00169330	0.39330000	-0.00161467	0.39330000	-0.00118430	0.39330000	-0.00139164
0.39800000	-0.00968244	0.39800000	-0.00652888	0.39800000	-0.00264869	0.39800000	-0.00287970	0.39800000	-0.00348193	0.39800000	-0.01082484	0.39800000	-0.01082484	0.39800000	-0.00178562	0.39800000	-0.00172404	0.39800000	-0.00130451	0.39800000	-0.00154875
0.40270000	-0.01041012	0.40270000	-0.00679752	0.40270000	-0.00279008	0.40270000	-0.00305466	0.40270000	-0.00364625	0.40270000	-0.01082484	0.40270000	-0.01082484	0.40270000	-0.00188010	0.40270000	-0.00183561	0.40270000	-0.00142570	0.40270000	-0.00171085
0.40740000	-0.01082484	0.40740000	-0.00708764	0.40740000	-0.00293842	0.40740000	-0.00323674	0.40740000	-0.00381420	0.40740000	-0.01082484	0.40740000	-0.01082484	0.40740000	-0.00197551	0.40740000	-0.00194799	0.40740000	-0.00155046	0.40740000	-0.00187835
0.41210000	-0.01082484	0.41210000	-0.00739878	0.41210000	-0.00309436	0.41210000	-0.00342978	0.41210000	-0.00398820	0.41210000	-0.01082483	0.41210000	-0.01082484	0.41210000	-0.00207316	0.41210000	-0.00206248	0.41210000	-0.00167753	0.41210000	-0.00205163
0.41680000	-0.01082484	0.41680000	-0.00773964	0.41680000	-0.00325912	0.41680000	-0.00363349	0.41680000	-0.00416847	0.41680000	-0.01082484	0.41680000	-0.01082485	0.41680000	-0.00217094	0.41680000	-0.00217829	0.41680000	-0.00180788	0.41680000	-0.00223188
0.42150000	-0.01082484	0.42150000	-0.00811984	0.42150000	-0.00343209	0.42150000	-0.00384920	0.42150000	-0.00435592	0.42150000	-0.01082483	0.42150000	-0.01082485	0.42150000	-0.00227034	0.42150000	-0.00229504	0.42150000	-0.00194077	0.42150000	-0.00241600
0.42615000	-0.01082484	0.42615000	-0.00854694	0.42615000	-0.00361326	0.42615000	-0.00407453	0.42615000	-0.00454817	0.42615000	-0.01082483	0.42615000	-0.01082484	0.42615000	-0.00236892	0.42615000	-0.00241214	0.42615000	-0.00207540	0.42615000	-0.00260434
0.43085000	-0.01082484	0.43085000	-0.00904657	0.43085000	-0.00380628	0.43085000	-0.00431905	0.43085000	-0.00475075	0.43085000	-0.01082483	0.43085000	-0.01082484	0.43085000	-0.00247052	0.43085000	-0.00253120	0.43085000	-0.00221492	0.43085000	-0.00280261
0.43555000	-0.01082483	0.43555000	-0.00964917	0.43555000	-0.00401383	0.43555000	-0.00458098	0.43555000	-0.00496134	0.43555000	-0.01082483	0.43555000	-0.01082484	0.43555000	-0.00257364	0.43555000	-0.00265266	0.43555000	-0.00235884	0.43555000	-0.00300873
0.44025000	-0.01082484	0.44025000	-0.01043800	0.44025000	-0.00423565	0.44025000	-0.00486526	0.44025000	-0.00518086	0.44025000	-0.01082484	0.44025000	-0.01082483	0.44025000	-0.00267800	0.44025000	-0.00277394	0.44025000	-0.00250469	0.44025000	-0.00322244
0.44495000	-0.01082484	0.44495000	-0.01082483	0.44495000	-0.00447265	0.44495000	-0.00517323	0.44495000	-0.00541185	0.44495000	-0.01082484	0.44495000	-0.01082484	0.44495000	-0.00278309	0.44495000	-0.00289753	0.44495000	-0.00265471	0.44495000	-0.00344558
0.44965000	-0.01082484	0.44965000	-0.01082484	0.44965000	-0.00472993	0.44965000	-0.00551442	0.44965000	-0.00565753	0.44965000	-0.01082484	0.44965000	-0.01082484	0.44965000	-0.00288901	0.44965000	-0.00302141	0.44965000	-0.00280623	0.44965000	-0.00367790
0.45435000	-0.01082484	0.45435000	-0.01082484	0.45435000	-0.00501081	0.45435000	-0.00589799	0.45435000	-0.00591752	0.45435000	-0.01082484	0.45435000	-0.01082484	0.45435000	-0.00299663	0.45435000	-0.00314792	0.45435000	-0.00296206	0.45435000	-0.00392251
0.45905000	-0.01082484	0.45905000	-0.01082484	0.45905000	-0.00531830	0.45905000	-0.00633719	0.45905000	-0.00619569	0.45905000	-0.01082484	0.45905000	-0.01082484	0.45905000	-0.00310574	0.45905000	-0.00327602	0.45905000	-0.00312318	0.45905000	-0.00418001
0.46375000	-0.01082484	0.46375000	-0.01082484	0.46375000	-0.00566439	0.46375000	-0.00685599	0.46375000	-0.00649566	0.46375000	-0.01082483	0.46375000	-0.01082484	0.46375000	-0.00321595	0.46375000	-0.00340560	0.46375000	-0.00328833	0.46375000	-0.00445186
0.46845000	-0.01082484	0.46845000	-0.01082484	0.46845000	-0.00605338	0.46845000	-0.00750675	0.46845000	-0.00682736	0.46845000	-0.01082484	0.46845000	-0.01082484	0.46845000	-0.00332717	0.46845000	-0.00353570	0.46845000	-0.00345872	0.46845000	-0.00474178
0.47315000	-0.01082484	0.47315000	-0.01082483	0.47315000	-0.00649882	0.47315000	-0.00840514	0.47315000	-0.00719308	0.47315000	-0.01082483	0.47315000	-0.01082484	0.47315000	-0.00344093	0.47315000	-0.00366782	0.47315000	-0.00363352	0.47315000	-0.00505404
0.47785000	-0.01082483	0.47785000	-0.01082484	0.47785000	-0.00702837	0.47785000	-0.01001649	0.47785000	-0.00760940	0.47785000	-0.01082483	0.47785000	-0.01082483	0.47785000	-0.00355611	0.47785000	-0.00380228	0.47785000	-0.00381402	0.47785000	-0.00538674
0.48255000	-0.01082483	0.48255000	-0.01082484	0.48255000	-0.00767867	0.48255000	-0.01082484	0.48255000	-0.00809369	0.48255000	-0.01082483	0.48255000	-0.01082484	0.48255000	-0.00367243	0.48255000	-0.00393759	0.48255000	-0.00400075	0.48255000	-0.00575512
0.48725000	-0.01082484	0.48725000	-0.01082484	0.48725000	-0.00855110	0.48725000	-0.01082483	0.48725000	-0.00868500	0.48725000	-0.01082484	0.48725000	-0.01082484	0.48725000	-0.00379033	0.48725000	-0.00407528	0.48725000	-0.00419475	0.48725000	-0.00616353
0.49195000	-0.01082483	0.49195000	-0.01082484	0.49195000	-0.00992638	0.49195000	-0.01082483	0.49195000	-0.00947761	0.49195000	-0.01082484	0.49195000	-0.01082484	0.49195000	-0.00390974	0.49195000	-0.00421449	0.49195000	-0.00439590	0.49195000	-0.00662419
0.49665000	-0.01082483	0.49665000	-0.01082483	0.49665000	-0.01082484	0.49665000	-0.01082484	0.49665000	-0.01078969	0.49665000	-0.01082483	0.49665000	-0.01082483	0.49665000	-0.00403103	0.49665000	-0.00435607	0.49665000	-0.00460547	0.49665000	-0.00716320
0.50135000	-0.01082484	0.50135000	-0.01082483	0.50135000	-0.01082484	0.50135000	-0.01082483	0.50135000	-0.01082483	0.50135000	-0.01082483	0.50135000	-0.01082484	0.50135000	-0.00415334	0.50135000	-0.00449871	0.50135000	-0.00482579	0.50135000	-0.00782356
0.50605000	-0.01082483	0.50605000	-0.01082484	0.50605000	-0.01082484	0.50605000	-0.01082483	0.50605000	-0.01082485	0.50605000	-0.01082484	0.50605000	-0.01082483	0.50605000	-0.00427832	0.50605000	-0.00464482	0.50605000	-0.00505489	0.50605000	-0.00870668
0.51075000	-0.01082483	0.51075000	-0.01082484	0.51075000	-0.01082484	0.51075000	-0.01082484	0.51075000	-0.01082491	0.51075000	-0.01082483	0.51075000	-0.01082484	0.51075000	-0.00440563	0.51075000	-0.00479433	0.51075000	-0.00529587	0.51075000	-0.01012196
0.51545000	-0.01082484	0.51545000	-0.01082484	0.51545000	-0.01082485	0.51545000	-0.01082483	0.51545000	-0.01082481	0.51545000	-0.01082483	0.51545000	-0.01082484	0.51545000	-0.00453429	0.51545000	-0.00494383	0.51545000	-0.00555309	0.51545000	-0.01082485
0.52015000	-0.01082484	0.52015000	-0.01082484	0.52015000	-0.01082484	0.52015000	-0.01082483	0.52015000	-0.01082483	0.52015000	-0.01082484	0.52015000	-0.01082483	0.52015000	-0.00466528	0.52015000	-0.00509624	0.52015000	-0.00582826	0.52015000	-0.01082485
0.52485000	-0.01082484	0.52485000	-0.01082484	0.52485000	-0.01082484	0.52485000	-0.01082483	0.52485000	-0.01082488	0.52485000	-0.01082483	0.52485000	-0.01082483	0.52485000	-0.00479736	0.52485000	-0.00525236	0.52485000	-0.00612290	0.52485000	-0.01082486
0.52955000	-0.01082484	0.52955000	-0.01082483	0.52955000	-0.01082484	0.52955000	-0.01082484	0.52955000	-0.01082483	0.52955000	-0.01082484	0.52955000	-0.01082484	0.52955000	-0.00493241	0.52955000	-0.00541134	0.52955000	-0.00644196	0.52955000	-0.01082485
0.53425000	-0.01082483	0.53425000	-0.01082483	0.53425000	-0.01082484	0.53425000	-0.01082483	0.53425000	-0.01082479	0.53425000	-0.01082484	0.53425000	-0.01082484	0.53425000	-0.00506909	0.53425000	-0.00557191	0.53425000	-0.00679256	0.53425000	-0.01082485
0.53895000	-0.01082483	0.53895000	-0.01082483	0.53895000	-0.01082484	0.53895000	-0.01082484	0.53895000	-0.01082483	0.53895000	-0.01082483	0.53895000	-0.01082484	0.53895000	-0.00520844	0.53895000	-0.00573659	0.53895000	-0.00718673	0.53895000	-0.01082485
0.54360000	-0.01082483	0.54360000	-0.01082483	0.54360000	-0.01082484	0.54360000	-0.01082484	0.54360000	-0.01082484	0.54360000	-0.01082483	0.54360000	-0.01082484	0.54360000	-0.00534752	0.54360000	-0.00590116	0.54360000	-0.00763407	0.54360000	-0.01082485
0.54830000	-0.01082483	0.54830000	-0.01082483	0.54830000	-0.01082484	0.54830000	-0.01082483	0.54830000	-0.01082484	0.54830000	-0.01082483	0.54830000	-0.01082484	0.54830000	-0.00549075	0.54830000	-0.00606861	0.54830000	-0.00817143	0.54830000	-0.01082485
0.55300000	-0.01082484	0.55300000	-0.01082484	0.55300000	-0.01082484	0.55300000	-0.01082484	0.55300000	-0.01082483	0.55300000	-0.01082484	0.55300000	-0.01082484	0.55300000	-0.00563677	0.55300000	-0.00624314	0.55300000	-0.00885081	0.55300000	-0.01082485
0.55770000	-0.01082483	0.55770000	-0.01082484	0.55770000	-0.01082484	0.55770000	-0.01082484	0.55770000	-0.01082483	0.55770000	-0.01082484	0.55770000	-0.01082484	0.55770000	-0.00578609	0.55770000	-0.00642076	0.55770000	-0.00983443	0.55770000	-0.01082485
0.56240000	-0.01082483	0.56240000	-0.01082483	0.56240000	-0.01082484	0.56240000	-0.01082483	0.56240000	-0.01082483	0.56240000	-0.01082484	0.56240000	-0.01082484	0.56240000	-0.00593887	0.56240000	-0.00660262	0.56240000	-0.01082486	0.56240000	-0.01082485
0.56710000	-0.01082483	0.56710000	-0.01082483	0.56710000	-0.01082485	0.56710000	-0.01082483	0.56710000	-0.01082483	0.56710000	-0.01082484	0.56710000	-0.01082484	0.56710000	-0.00609499	0.56710000	-0.00678888	0.56710000	-0.01082484	0.56710000	-0.01082485
0.57180000	-0.01082483	0.57180000	-0.01082484	0.57180000	-0.01082485	0.57180000	-0.01082483	0.57180000	-0.01082483	0.57180000	-0.01082483	0.57180000	-0.01082484	0.57180000	-0.00625530	0.57180000	-0.00698042	0.57180000	-0.01082484	0.57180000	-0.01082485
0.57650000	-0.01082483	0.57650000	-0.01082484	0.57650000	-0.01082484	0.57650000	-0.01082483	0.57650000	-0.01082482	0.57650000	-0.01082484	0.57650000	-0.01082483	0.57650000	-0.00641998	0.57650000	-0.00717611	0.57650000	-0.01082486	0.57650000	-0.01082485
0.58120000	-0.01082484	0.58120000	-0.01082484	0.58120000	-0.01082484	0.58120000	-0.01082483	0.58120000	-0.01082483	0.58120000	-0.01082483	0.58120000	-0.01082484	0.58120000	-0.00658887	0.58120000	-0.00737794	0.58120000	-0.01082484	0.58120000	-0.01082484
0.58590000	-0.01082484	0.58590000	-0.01082484	0.58590000	-0.01082484	0.58590000	-0.01082484	0.58590000	-0.01082483	0.58590000	-0.01082484	0.58590000	-0.01082484	0.58590000	-0.00676249	0.58590000	-0.00758698	0.58590000	-0.01082484	0.58590000	-0.01082485
0.59060000	-0.01082484	0.59060000	-0.01082484	0.59060000	-0.01082484	0.59060000	-0.01082484	0.59060000	-0.01082478	0.59060000	-0.01082483	0.59060000	-0.01082484	0.59060000	-0.00694227	0.59060000	-0.00780240	0.59060000	-0.01082485	0.59060000	-0.01082485
0.59530000	-0.01082484	0.59530000	-0.01082484	0.59530000	-0.01082484	0.59530000	-0.01082484	0.59530000	-0.01082484	0.59530000	-0.01082483	0.59530000	-0.01082484	0.59530000	-0.00712694	0.59530000	-0.00802737	0.59530000	-0.01082485	0.59530000	-0.01082485
0.60000000	-0.01082483	0.60000000	-0.01082483	0.60000000	-0.01082484	0.60000000	-0.01082484	0.60000000	-0.01082483	0.60000000	-0.01082483	0.60000000	-0.01082484	0.60000000	-0.00731736	0.60000000	-0.00826210	0.60000000	-0.01082485	0.60000000	-0.01082485
