Mo_400deg_400Sb_35Se_1 2026-07-09 13-06-40		Mo_400deg_400Sb_35Se_2 2026-07-09 13-08-33		Mo_400deg_400Sb_35Se_3 2026-07-09 13-10-06		Mo_400deg_400Sb_35Se_6 2026-07-09 13-11-56		Mo_400deg_400Sb_35Se_10 2026-07-09 13-20-38		Mo_400deg_400Sb_35Se_11 2026-07-09 13-22-13		Mo_400deg_400Sb_35Se_12 2026-07-09 13-23-33		Mo_400deg_400Sb_35Se_7 2026-07-09 13-25-31		Mo_400deg_400Sb_35Se_8 2026-07-09 13-26-50		Mo_400deg_400Sb_35Se_9 2026-07-09 13-28-07	
Vmeas	Imeas	Vmeas	Imeas	Vmeas	Imeas	Vmeas	Imeas	Vmeas	Imeas	Vmeas	Imeas	Vmeas	Imeas	Vmeas	Imeas	Vmeas	Imeas	Vmeas	Imeas
-0.10000000	0.00113182	-0.10000000	0.00130586	-0.10000000	0.00126775	-0.10000000	0.00200622	-0.10000000	0.00150275	-0.10000000	0.00135796	-0.10000000	0.00130516	-0.10000000	0.00176475	-0.10000000	0.00170839	-0.10000000	0.00154247
-0.09530000	0.00111104	-0.09530000	0.00129324	-0.09530000	0.00124954	-0.09530000	0.00197085	-0.09530000	0.00146602	-0.09530000	0.00133753	-0.09530000	0.00128147	-0.09530000	0.00173065	-0.09530000	0.00166129	-0.09530000	0.00149462
-0.09060000	0.00108991	-0.09060000	0.00128052	-0.09060000	0.00123040	-0.09060000	0.00193507	-0.09060000	0.00142839	-0.09060000	0.00131663	-0.09060000	0.00125724	-0.09060000	0.00169513	-0.09060000	0.00161476	-0.09060000	0.00144635
-0.08590000	0.00106926	-0.08590000	0.00126736	-0.08590000	0.00121104	-0.08590000	0.00189895	-0.08590000	0.00139068	-0.08590000	0.00129623	-0.08590000	0.00123281	-0.08590000	0.00165940	-0.08590000	0.00156819	-0.08590000	0.00139823
-0.08120000	0.00104851	-0.08120000	0.00125369	-0.08120000	0.00119196	-0.08120000	0.00186319	-0.08120000	0.00135368	-0.08120000	0.00127524	-0.08120000	0.00120894	-0.08120000	0.00162324	-0.08120000	0.00152144	-0.08120000	0.00135053
-0.07650000	0.00102712	-0.07650000	0.00124070	-0.07650000	0.00117250	-0.07650000	0.00182905	-0.07650000	0.00131670	-0.07650000	0.00125476	-0.07650000	0.00118510	-0.07650000	0.00158902	-0.07650000	0.00147511	-0.07650000	0.00130267
-0.07180000	0.00100647	-0.07180000	0.00122719	-0.07180000	0.00115230	-0.07180000	0.00179116	-0.07180000	0.00127919	-0.07180000	0.00123351	-0.07180000	0.00116087	-0.07180000	0.00155375	-0.07180000	0.00142850	-0.07180000	0.00125510
-0.06710000	0.00098539	-0.06710000	0.00121435	-0.06710000	0.00113288	-0.06710000	0.00175649	-0.06710000	0.00124152	-0.06710000	0.00121265	-0.06710000	0.00113685	-0.06710000	0.00151827	-0.06710000	0.00138202	-0.06710000	0.00120719
-0.06240000	0.00096459	-0.06240000	0.00120076	-0.06240000	0.00111379	-0.06240000	0.00172113	-0.06240000	0.00120414	-0.06240000	0.00119156	-0.06240000	0.00111288	-0.06240000	0.00148255	-0.06240000	0.00133520	-0.06240000	0.00115924
-0.05770000	0.00094319	-0.05770000	0.00118743	-0.05770000	0.00109473	-0.05770000	0.00168446	-0.05770000	0.00116706	-0.05770000	0.00117119	-0.05770000	0.00108847	-0.05770000	0.00144761	-0.05770000	0.00128825	-0.05770000	0.00111105
-0.05300000	0.00092109	-0.05300000	0.00117322	-0.05300000	0.00107558	-0.05300000	0.00164767	-0.05300000	0.00112972	-0.05300000	0.00114935	-0.05300000	0.00106461	-0.05300000	0.00141278	-0.05300000	0.00124094	-0.05300000	0.00106334
-0.04830000	0.00090018	-0.04830000	0.00116058	-0.04830000	0.00105598	-0.04830000	0.00161081	-0.04830000	0.00109186	-0.04830000	0.00112816	-0.04830000	0.00104086	-0.04830000	0.00137684	-0.04830000	0.00119382	-0.04830000	0.00101566
-0.04360000	0.00087878	-0.04360000	0.00114691	-0.04360000	0.00103578	-0.04360000	0.00157385	-0.04360000	0.00105486	-0.04360000	0.00110776	-0.04360000	0.00101615	-0.04360000	0.00134151	-0.04360000	0.00114643	-0.04360000	0.00096785
-0.03895000	0.00085717	-0.03895000	0.00113224	-0.03895000	0.00101677	-0.03895000	0.00153798	-0.03895000	0.00101745	-0.03895000	0.00108642	-0.03895000	0.00099155	-0.03895000	0.00130601	-0.03895000	0.00109970	-0.03895000	0.00092007
-0.03425000	0.00083543	-0.03425000	0.00111857	-0.03425000	0.00099755	-0.03425000	0.00150052	-0.03425000	0.00098014	-0.03425000	0.00106442	-0.03425000	0.00096724	-0.03425000	0.00127044	-0.03425000	0.00105261	-0.03425000	0.00087208
-0.02955000	0.00081341	-0.02955000	0.00110549	-0.02955000	0.00097857	-0.02955000	0.00146402	-0.02955000	0.00094288	-0.02955000	0.00104296	-0.02955000	0.00094310	-0.02955000	0.00123496	-0.02955000	0.00100590	-0.02955000	0.00082428
-0.02485000	0.00079191	-0.02485000	0.00109124	-0.02485000	0.00095741	-0.02485000	0.00142768	-0.02485000	0.00090502	-0.02485000	0.00102197	-0.02485000	0.00091931	-0.02485000	0.00119968	-0.02485000	0.00095913	-0.02485000	0.00077669
-0.02015000	0.00077010	-0.02015000	0.00107766	-0.02015000	0.00093799	-0.02015000	0.00139080	-0.02015000	0.00086761	-0.02015000	0.00100099	-0.02015000	0.00089413	-0.02015000	0.00116293	-0.02015000	0.00091254	-0.02015000	0.00072904
-0.01545000	0.00074800	-0.01545000	0.00106364	-0.01545000	0.00091842	-0.01545000	0.00135297	-0.01545000	0.00082998	-0.01545000	0.00097992	-0.01545000	0.00086957	-0.01545000	0.00112729	-0.01545000	0.00086477	-0.01545000	0.00068126
-0.01075000	0.00072683	-0.01075000	0.00104999	-0.01075000	0.00089855	-0.01075000	0.00131569	-0.01075000	0.00079209	-0.01075000	0.00095758	-0.01075000	0.00084525	-0.01075000	0.00109189	-0.01075000	0.00081756	-0.01075000	0.00063334
-0.00605000	0.00070493	-0.00605000	0.00103575	-0.00605000	0.00087842	-0.00605000	0.00127844	-0.00605000	0.00075454	-0.00605000	0.00093568	-0.00605000	0.00082028	-0.00605000	0.00105570	-0.00605000	0.00077055	-0.00605000	0.00058556
-0.00135000	0.00068296	-0.00135000	0.00102209	-0.00135000	0.00085767	-0.00135000	0.00124061	-0.00135000	0.00071651	-0.00135000	0.00091349	-0.00135000	0.00079551	-0.00135000	0.00101979	-0.00135000	0.00072276	-0.00135000	0.00053755
0.00335000	0.00066069	0.00335000	0.00100722	0.00335000	0.00083726	0.00335000	0.00120404	0.00335000	0.00067840	0.00335000	0.00089203	0.00335000	0.00077083	0.00335000	0.00098372	0.00335000	0.00067436	0.00335000	0.00048872
0.00805000	0.00063834	0.00805000	0.00099318	0.00805000	0.00081752	0.00805000	0.00116641	0.00805000	0.00064067	0.00805000	0.00087044	0.00805000	0.00074690	0.00805000	0.00094739	0.00805000	0.00062714	0.00805000	0.00044047
0.01275000	0.00061615	0.01275000	0.00097851	0.01275000	0.00079756	0.01275000	0.00112860	0.01275000	0.00060282	0.01275000	0.00084897	0.01275000	0.00072137	0.01275000	0.00091159	0.01275000	0.00057945	0.01275000	0.00039215
0.01745000	0.00059370	0.01745000	0.00096368	0.01745000	0.00077694	0.01745000	0.00109024	0.01745000	0.00056488	0.01745000	0.00082668	0.01745000	0.00069729	0.01745000	0.00087565	0.01745000	0.00053205	0.01745000	0.00034371
0.02215000	0.00057111	0.02215000	0.00094915	0.02215000	0.00075563	0.02215000	0.00105258	0.02215000	0.00052691	0.02215000	0.00080441	0.02215000	0.00067226	0.02215000	0.00083955	0.02215000	0.00048429	0.02215000	0.00029530
0.02685000	0.00054893	0.02685000	0.00093414	0.02685000	0.00073549	0.02685000	0.00101386	0.02685000	0.00048849	0.02685000	0.00078277	0.02685000	0.00064739	0.02685000	0.00080395	0.02685000	0.00043619	0.02685000	0.00024707
0.03155000	0.00052673	0.03155000	0.00092033	0.03155000	0.00071546	0.03155000	0.00097654	0.03155000	0.00045052	0.03155000	0.00076176	0.03155000	0.00062211	0.03155000	0.00076780	0.03155000	0.00038898	0.03155000	0.00019906
0.03625000	0.00050404	0.03625000	0.00090589	0.03625000	0.00069462	0.03625000	0.00093881	0.03625000	0.00041254	0.03625000	0.00073929	0.03625000	0.00059778	0.03625000	0.00073191	0.03625000	0.00034074	0.03625000	0.00015048
0.04095000	0.00048150	0.04095000	0.00089147	0.04095000	0.00067343	0.04095000	0.00090036	0.04095000	0.00037451	0.04095000	0.00071705	0.04095000	0.00057276	0.04095000	0.00069479	0.04095000	0.00029242	0.04095000	0.00010183
0.04565000	0.00045839	0.04565000	0.00087647	0.04565000	0.00065254	0.04565000	0.00086109	0.04565000	0.00033636	0.04565000	0.00069467	0.04565000	0.00054788	0.04565000	0.00065851	0.04565000	0.00024376	0.04565000	0.00005306
0.05035000	0.00043556	0.05035000	0.00086173	0.05035000	0.00063187	0.05035000	0.00082315	0.05035000	0.00029776	0.05035000	0.00067240	0.05035000	0.00052290	0.05035000	0.00062245	0.05035000	0.00019524	0.05035000	0.00000413
0.05505000	0.00041290	0.05505000	0.00084612	0.05505000	0.00061070	0.05505000	0.00078481	0.05505000	0.00025916	0.05505000	0.00065044	0.05505000	0.00049816	0.05505000	0.00058619	0.05505000	0.00014704	0.05505000	-0.00004545
0.05975000	0.00038968	0.05975000	0.00083203	0.05975000	0.00058933	0.05975000	0.00074525	0.05975000	0.00022055	0.05975000	0.00062781	0.05975000	0.00047299	0.05975000	0.00054931	0.05975000	0.00009851	0.05975000	-0.00009517
0.06445000	0.00036747	0.06445000	0.00081708	0.06445000	0.00056798	0.06445000	0.00070628	0.06445000	0.00018232	0.06445000	0.00060620	0.06445000	0.00044789	0.06445000	0.00051251	0.06445000	0.00004992	0.06445000	-0.00014447
0.06915000	0.00034442	0.06915000	0.00080224	0.06915000	0.00054685	0.06915000	0.00066736	0.06915000	0.00014477	0.06915000	0.00058346	0.06915000	0.00042287	0.06915000	0.00047597	0.06915000	-0.00000005	0.06915000	-0.00019414
0.07385000	0.00032124	0.07385000	0.00078646	0.07385000	0.00052532	0.07385000	0.00062735	0.07385000	0.00010646	0.07385000	0.00056105	0.07385000	0.00039738	0.07385000	0.00043926	0.07385000	-0.00004925	0.07385000	-0.00024391
0.07850000	0.00029846	0.07850000	0.00077217	0.07850000	0.00050385	0.07850000	0.00058773	0.07850000	0.00006750	0.07850000	0.00053840	0.07850000	0.00037215	0.07850000	0.00040329	0.07850000	-0.00009850	0.07850000	-0.00029286
0.08320000	0.00027485	0.08320000	0.00075690	0.08320000	0.00048218	0.08320000	0.00054830	0.08320000	0.00002879	0.08320000	0.00051544	0.08320000	0.00034710	0.08320000	0.00036645	0.08320000	-0.00014758	0.08320000	-0.00034290
0.08790000	0.00025178	0.08790000	0.00074217	0.08790000	0.00046003	0.08790000	0.00050672	0.08790000	-0.00000960	0.08790000	0.00049252	0.08790000	0.00032191	0.08790000	0.00033004	0.08790000	-0.00019698	0.08790000	-0.00039325
0.09260000	0.00022851	0.09260000	0.00072651	0.09260000	0.00043846	0.09260000	0.00046765	0.09260000	-0.00004839	0.09260000	0.00046942	0.09260000	0.00029658	0.09260000	0.00029297	0.09260000	-0.00024687	0.09260000	-0.00044376
0.09730000	0.00020515	0.09730000	0.00070988	0.09730000	0.00041528	0.09730000	0.00042787	0.09730000	-0.00008795	0.09730000	0.00044645	0.09730000	0.00027092	0.09730000	0.00025617	0.09730000	-0.00029657	0.09730000	-0.00049419
0.10200000	0.00018171	0.10200000	0.00069451	0.10200000	0.00039359	0.10200000	0.00038690	0.10200000	-0.00012667	0.10200000	0.00042295	0.10200000	0.00024580	0.10200000	0.00021999	0.10200000	-0.00034580	0.10200000	-0.00054457
0.10670000	0.00015823	0.10670000	0.00067817	0.10670000	0.00037158	0.10670000	0.00034639	0.10670000	-0.00016509	0.10670000	0.00039963	0.10670000	0.00022005	0.10670000	0.00018325	0.10670000	-0.00039555	0.10670000	-0.00059608
0.11140000	0.00013467	0.11140000	0.00066288	0.11140000	0.00034968	0.11140000	0.00030529	0.11140000	-0.00020406	0.11140000	0.00037617	0.11140000	0.00019411	0.11140000	0.00014637	0.11140000	-0.00044569	0.11140000	-0.00064728
0.11610000	0.00011084	0.11610000	0.00064741	0.11610000	0.00032572	0.11610000	0.00026449	0.11610000	-0.00024347	0.11610000	0.00035262	0.11610000	0.00016829	0.11610000	0.00010857	0.11610000	-0.00049505	0.11610000	-0.00069847
0.12080000	0.00008702	0.12080000	0.00063199	0.12080000	0.00030412	0.12080000	0.00022228	0.12080000	-0.00028281	0.12080000	0.00032967	0.12080000	0.00014281	0.12080000	0.00007130	0.12080000	-0.00054546	0.12080000	-0.00074997
0.12550000	0.00006287	0.12550000	0.00061559	0.12550000	0.00028123	0.12550000	0.00018031	0.12550000	-0.00032187	0.12550000	0.00030646	0.12550000	0.00011673	0.12550000	0.00003397	0.12550000	-0.00059756	0.12550000	-0.00080187
0.13020000	0.00003846	0.13020000	0.00059874	0.13020000	0.00025827	0.13020000	0.00013895	0.13020000	-0.00036012	0.13020000	0.00028195	0.13020000	0.00009042	0.13020000	-0.00000362	0.13020000	-0.00064813	0.13020000	-0.00085325
0.13490000	0.00001431	0.13490000	0.00058156	0.13490000	0.00023499	0.13490000	0.00009753	0.13490000	-0.00039961	0.13490000	0.00025826	0.13490000	0.00006427	0.13490000	-0.00004187	0.13490000	-0.00069887	0.13490000	-0.00090537
0.13960000	-0.00000958	0.13960000	0.00056485	0.13960000	0.00021131	0.13960000	0.00005541	0.13960000	-0.00043920	0.13960000	0.00023521	0.13960000	0.00003775	0.13960000	-0.00008095	0.13960000	-0.00074997	0.13960000	-0.00095787
0.14430000	-0.00003357	0.14430000	0.00054799	0.14430000	0.00018764	0.14430000	0.00001318	0.14430000	-0.00047886	0.14430000	0.00021065	0.14430000	0.00001111	0.14430000	-0.00011773	0.14430000	-0.00080108	0.14430000	-0.00101027
0.14900000	-0.00005957	0.14900000	0.00052985	0.14900000	0.00016359	0.14900000	-0.00003066	0.14900000	-0.00051875	0.14900000	0.00018624	0.14900000	-0.00001455	0.14900000	-0.00015521	0.14900000	-0.00085295	0.14900000	-0.00106357
0.15370000	-0.00008381	0.15370000	0.00051335	0.15370000	0.00014050	0.15370000	-0.00007555	0.15370000	-0.00055833	0.15370000	0.00016235	0.15370000	-0.00004121	0.15370000	-0.00019282	0.15370000	-0.00090523	0.15370000	-0.00111665
0.15840000	-0.00010853	0.15840000	0.00049492	0.15840000	0.00011703	0.15840000	-0.00011834	0.15840000	-0.00059767	0.15840000	0.00013741	0.15840000	-0.00006732	0.15840000	-0.00023087	0.15840000	-0.00095708	0.15840000	-0.00117017
0.16310000	-0.00013300	0.16310000	0.00047865	0.16310000	0.00009227	0.16310000	-0.00016184	0.16310000	-0.00063756	0.16310000	0.00011256	0.16310000	-0.00009440	0.16310000	-0.00026900	0.16310000	-0.00101005	0.16310000	-0.00122415
0.16780000	-0.00015805	0.16780000	0.00046115	0.16780000	0.00006760	0.16780000	-0.00020640	0.16780000	-0.00067825	0.16780000	0.00008725	0.16780000	-0.00012117	0.16780000	-0.00030741	0.16780000	-0.00106289	0.16780000	-0.00127796
0.17250000	-0.00018323	0.17250000	0.00044357	0.17250000	0.00004279	0.17250000	-0.00025055	0.17250000	-0.00071787	0.17250000	0.00006211	0.17250000	-0.00014805	0.17250000	-0.00034537	0.17250000	-0.00111708	0.17250000	-0.00133293
0.17720000	-0.00020766	0.17720000	0.00042523	0.17720000	0.00001773	0.17720000	-0.00029456	0.17720000	-0.00075843	0.17720000	0.00003714	0.17720000	-0.00017537	0.17720000	-0.00038335	0.17720000	-0.00117080	0.17720000	-0.00138824
0.18190000	-0.00023319	0.18190000	0.00040776	0.18190000	-0.00000746	0.18190000	-0.00034060	0.18190000	-0.00079896	0.18190000	0.00001104	0.18190000	-0.00020215	0.18190000	-0.00042194	0.18190000	-0.00122521	0.18190000	-0.00144333
0.18660000	-0.00025844	0.18660000	0.00038900	0.18660000	-0.00003275	0.18660000	-0.00038607	0.18660000	-0.00083872	0.18660000	-0.00001408	0.18660000	-0.00022966	0.18660000	-0.00046100	0.18660000	-0.00127975	0.18660000	-0.00150035
0.19130000	-0.00028361	0.19130000	0.00037039	0.19130000	-0.00005974	0.19130000	-0.00043186	0.19130000	-0.00087955	0.19130000	-0.00003954	0.19130000	-0.00025751	0.19130000	-0.00049956	0.19130000	-0.00133449	0.19130000	-0.00155743
0.19595000	-0.00030843	0.19595000	0.00035182	0.19595000	-0.00008544	0.19595000	-0.00047723	0.19595000	-0.00091977	0.19595000	-0.00006606	0.19595000	-0.00028394	0.19595000	-0.00053844	0.19595000	-0.00138946	0.19595000	-0.00162162
0.20065000	-0.00033434	0.20065000	0.00033370	0.20065000	-0.00011202	0.20065000	-0.00052395	0.20065000	-0.00096072	0.20065000	-0.00009190	0.20065000	-0.00031192	0.20065000	-0.00057807	0.20065000	-0.00144512	0.20065000	-0.00168023
0.20535000	-0.00036016	0.20535000	0.00031372	0.20535000	-0.00013918	0.20535000	-0.00057138	0.20535000	-0.00100208	0.20535000	-0.00011831	0.20535000	-0.00034002	0.20535000	-0.00061841	0.20535000	-0.00150229	0.20535000	-0.00173890
0.21005000	-0.00038651	0.21005000	0.00029372	0.21005000	-0.00016601	0.21005000	-0.00061919	0.21005000	-0.00104457	0.21005000	-0.00014511	0.21005000	-0.00036846	0.21005000	-0.00065762	0.21005000	-0.00155989	0.21005000	-0.00179947
0.21475000	-0.00041255	0.21475000	0.00027348	0.21475000	-0.00019339	0.21475000	-0.00066695	0.21475000	-0.00108643	0.21475000	-0.00017251	0.21475000	-0.00039712	0.21475000	-0.00069804	0.21475000	-0.00161725	0.21475000	-0.00185995
0.21945000	-0.00043930	0.21945000	0.00025353	0.21945000	-0.00022095	0.21945000	-0.00071613	0.21945000	-0.00112789	0.21945000	-0.00019991	0.21945000	-0.00042581	0.21945000	-0.00073779	0.21945000	-0.00167594	0.21945000	-0.00192177
0.22415000	-0.00046615	0.22415000	0.00023217	0.22415000	-0.00024889	0.22415000	-0.00076570	0.22415000	-0.00117051	0.22415000	-0.00022765	0.22415000	-0.00045476	0.22415000	-0.00077869	0.22415000	-0.00173542	0.22415000	-0.00198484
0.22885000	-0.00049309	0.22885000	0.00021207	0.22885000	-0.00027763	0.22885000	-0.00081634	0.22885000	-0.00121270	0.22885000	-0.00025529	0.22885000	-0.00048379	0.22885000	-0.00081991	0.22885000	-0.00179536	0.22885000	-0.00204862
0.23355000	-0.00051969	0.23355000	0.00019095	0.23355000	-0.00030637	0.23355000	-0.00086823	0.23355000	-0.00125615	0.23355000	-0.00028379	0.23355000	-0.00051265	0.23355000	-0.00086164	0.23355000	-0.00185646	0.23355000	-0.00211327
0.23825000	-0.00054741	0.23825000	0.00016958	0.23825000	-0.00033542	0.23825000	-0.00091897	0.23825000	-0.00129931	0.23825000	-0.00031300	0.23825000	-0.00054231	0.23825000	-0.00090399	0.23825000	-0.00191764	0.23825000	-0.00217991
0.24295000	-0.00057515	0.24295000	0.00014723	0.24295000	-0.00036554	0.24295000	-0.00097154	0.24295000	-0.00134350	0.24295000	-0.00034282	0.24295000	-0.00057212	0.24295000	-0.00094638	0.24295000	-0.00198069	0.24295000	-0.00224712
0.24765000	-0.00060352	0.24765000	0.00012508	0.24765000	-0.00039568	0.24765000	-0.00102426	0.24765000	-0.00138827	0.24765000	-0.00037253	0.24765000	-0.00060236	0.24765000	-0.00098917	0.24765000	-0.00204373	0.24765000	-0.00231666
0.25235000	-0.00063196	0.25235000	0.00010283	0.25235000	-0.00042619	0.25235000	-0.00107734	0.25235000	-0.00143289	0.25235000	-0.00040288	0.25235000	-0.00063288	0.25235000	-0.00103316	0.25235000	-0.00210882	0.25235000	-0.00238767
0.25705000	-0.00066026	0.25705000	0.00007996	0.25705000	-0.00045736	0.25705000	-0.00113230	0.25705000	-0.00147725	0.25705000	-0.00043358	0.25705000	-0.00066473	0.25705000	-0.00107698	0.25705000	-0.00217465	0.25705000	-0.00246080
0.26175000	-0.00068876	0.26175000	0.00005622	0.26175000	-0.00048896	0.26175000	-0.00118836	0.26175000	-0.00152329	0.26175000	-0.00046521	0.26175000	-0.00069629	0.26175000	-0.00112149	0.26175000	-0.00224151	0.26175000	-0.00253597
0.26645000	-0.00071879	0.26645000	0.00003213	0.26645000	-0.00052145	0.26645000	-0.00124454	0.26645000	-0.00156900	0.26645000	-0.00049737	0.26645000	-0.00072815	0.26645000	-0.00116661	0.26645000	-0.00231035	0.26645000	-0.00261364
0.27115000	-0.00074845	0.27115000	0.00000704	0.27115000	-0.00055373	0.27115000	-0.00130222	0.27115000	-0.00161541	0.27115000	-0.00052965	0.27115000	-0.00076050	0.27115000	-0.00121239	0.27115000	-0.00238034	0.27115000	-0.00269490
0.27585000	-0.00077851	0.27585000	-0.00001746	0.27585000	-0.00058751	0.27585000	-0.00136020	0.27585000	-0.00166220	0.27585000	-0.00056361	0.27585000	-0.00079324	0.27585000	-0.00125785	0.27585000	-0.00245144	0.27585000	-0.00277824
0.28055000	-0.00080905	0.28055000	-0.00004305	0.28055000	-0.00062095	0.28055000	-0.00142022	0.28055000	-0.00171032	0.28055000	-0.00059721	0.28055000	-0.00082715	0.28055000	-0.00130497	0.28055000	-0.00252428	0.28055000	-0.00286553
0.28525000	-0.00084002	0.28525000	-0.00006997	0.28525000	-0.00065517	0.28525000	-0.00147926	0.28525000	-0.00175829	0.28525000	-0.00063151	0.28525000	-0.00086120	0.28525000	-0.00135197	0.28525000	-0.00259926	0.28525000	-0.00295597
0.28995000	-0.00087127	0.28995000	-0.00009612	0.28995000	-0.00069003	0.28995000	-0.00154071	0.28995000	-0.00180765	0.28995000	-0.00066618	0.28995000	-0.00089539	0.28995000	-0.00140048	0.28995000	-0.00267657	0.28995000	-0.00305083
0.29465000	-0.00090317	0.29465000	-0.00012341	0.29465000	-0.00072574	0.29465000	-0.00160278	0.29465000	-0.00185752	0.29465000	-0.00070199	0.29465000	-0.00093123	0.29465000	-0.00144970	0.29465000	-0.00275543	0.29465000	-0.00315069
0.29935000	-0.00093594	0.29935000	-0.00015121	0.29935000	-0.00076172	0.29935000	-0.00166601	0.29935000	-0.00190791	0.29935000	-0.00073884	0.29935000	-0.00096626	0.29935000	-0.00149782	0.29935000	-0.00283759	0.29935000	-0.00325904
0.30405000	-0.00096912	0.30405000	-0.00017981	0.30405000	-0.00079832	0.30405000	-0.00173047	0.30405000	-0.00196069	0.30405000	-0.00077583	0.30405000	-0.00100218	0.30405000	-0.00154782	0.30405000	-0.00292216	0.30405000	-0.00337375
0.30870000	-0.00100211	0.30870000	-0.00020901	0.30870000	-0.00083534	0.30870000	-0.00179425	0.30870000	-0.00201137	0.30870000	-0.00081273	0.30870000	-0.00103843	0.30870000	-0.00159779	0.30870000	-0.00300797	0.30870000	-0.00349315
0.31340000	-0.00103648	0.31340000	-0.00023824	0.31340000	-0.00087309	0.31340000	-0.00185989	0.31340000	-0.00206448	0.31340000	-0.00085195	0.31340000	-0.00107581	0.31340000	-0.00164928	0.31340000	-0.00309741	0.31340000	-0.00362490
0.31810000	-0.00107154	0.31810000	-0.00026887	0.31810000	-0.00091213	0.31810000	-0.00192745	0.31810000	-0.00211749	0.31810000	-0.00089098	0.31810000	-0.00111388	0.31810000	-0.00170081	0.31810000	-0.00319326	0.31810000	-0.00376605
0.32280000	-0.00110725	0.32280000	-0.00029994	0.32280000	-0.00095163	0.32280000	-0.00199641	0.32280000	-0.00217149	0.32280000	-0.00093065	0.32280000	-0.00115305	0.32280000	-0.00175319	0.32280000	-0.00329406	0.32280000	-0.00392075
0.32750000	-0.00114275	0.32750000	-0.00033191	0.32750000	-0.00099186	0.32750000	-0.00206532	0.32750000	-0.00222629	0.32750000	-0.00097122	0.32750000	-0.00119259	0.32750000	-0.00180687	0.32750000	-0.00339967	0.32750000	-0.00410655
0.33220000	-0.00117942	0.33220000	-0.00036474	0.33220000	-0.00103283	0.33220000	-0.00213615	0.33220000	-0.00228236	0.33220000	-0.00101305	0.33220000	-0.00123328	0.33220000	-0.00186114	0.33220000	-0.00351131	0.33220000	-0.00432480
0.33690000	-0.00121683	0.33690000	-0.00039830	0.33690000	-0.00107447	0.33690000	-0.00220697	0.33690000	-0.00233858	0.33690000	-0.00105581	0.33690000	-0.00127429	0.33690000	-0.00191634	0.33690000	-0.00363068	0.33690000	-0.00458887
0.34160000	-0.00125452	0.34160000	-0.00043301	0.34160000	-0.00111632	0.34160000	-0.00227953	0.34160000	-0.00239623	0.34160000	-0.00109876	0.34160000	-0.00131611	0.34160000	-0.00197214	0.34160000	-0.00375868	0.34160000	-0.00493230
0.34630000	-0.00129272	0.34630000	-0.00046857	0.34630000	-0.00115949	0.34630000	-0.00235317	0.34630000	-0.00245534	0.34630000	-0.00114333	0.34630000	-0.00135872	0.34630000	-0.00202865	0.34630000	-0.00389934	0.34630000	-0.00520141
0.35100000	-0.00133188	0.35100000	-0.00050434	0.35100000	-0.00120337	0.35100000	-0.00242822	0.35100000	-0.00251482	0.35100000	-0.00118724	0.35100000	-0.00140235	0.35100000	-0.00208573	0.35100000	-0.00405492	0.35100000	-0.00531716
0.35570000	-0.00137206	0.35570000	-0.00054106	0.35570000	-0.00124779	0.35570000	-0.00250458	0.35570000	-0.00257523	0.35570000	-0.00123278	0.35570000	-0.00144688	0.35570000	-0.00214423	0.35570000	-0.00422751	0.35570000	-0.00531716
0.36040000	-0.00141382	0.36040000	-0.00057936	0.36040000	-0.00129301	0.36040000	-0.00258182	0.36040000	-0.00262268	0.36040000	-0.00127831	0.36040000	-0.00149227	0.36040000	-0.00220319	0.36040000	-0.00442527	0.36040000	-0.00531716
0.36510000	-0.00145528	0.36510000	-0.00061734	0.36510000	-0.00133932	0.36510000	-0.00266099	0.36510000	-0.00268524	0.36510000	-0.00132516	0.36510000	-0.00153886	0.36510000	-0.00226314	0.36510000	-0.00465884	0.36510000	-0.00531716
0.36980000	-0.00149843	0.36980000	-0.00065664	0.36980000	-0.00138668	0.36980000	-0.00274077	0.36980000	-0.00274870	0.36980000	-0.00137295	0.36980000	-0.00158549	0.36980000	-0.00232300	0.36980000	-0.00495597	0.36980000	-0.00531716
0.37450000	-0.00154218	0.37450000	-0.00069666	0.37450000	-0.00143432	0.37450000	-0.00282149	0.37450000	-0.00281358	0.37450000	-0.00142198	0.37450000	-0.00163349	0.37450000	-0.00238455	0.37450000	-0.00531716	0.37450000	-0.00531718
0.37920000	-0.00158634	0.37920000	-0.00073734	0.37920000	-0.00148255	0.37920000	-0.00290438	0.37920000	-0.00288043	0.37920000	-0.00147118	0.37920000	-0.00168281	0.37920000	-0.00244716	0.37920000	-0.00531716	0.37920000	-0.00531716
0.38390000	-0.00163132	0.38390000	-0.00077904	0.38390000	-0.00153120	0.38390000	-0.00298814	0.38390000	-0.00294857	0.38390000	-0.00152077	0.38390000	-0.00173218	0.38390000	-0.00251028	0.38390000	-0.00531716	0.38390000	-0.00531716
0.38860000	-0.00167807	0.38860000	-0.00082193	0.38860000	-0.00158131	0.38860000	-0.00307357	0.38860000	-0.00301990	0.38860000	-0.00157161	0.38860000	-0.00178344	0.38860000	-0.00257541	0.38860000	-0.00531716	0.38860000	-0.00531716
0.39330000	-0.00172515	0.39330000	-0.00086602	0.39330000	-0.00163186	0.39330000	-0.00316043	0.39330000	-0.00309197	0.39330000	-0.00162334	0.39330000	-0.00183577	0.39330000	-0.00264217	0.39330000	-0.00531716	0.39330000	-0.00531716
0.39800000	-0.00177374	0.39800000	-0.00091094	0.39800000	-0.00168382	0.39800000	-0.00324853	0.39800000	-0.00316508	0.39800000	-0.00167581	0.39800000	-0.00188811	0.39800000	-0.00270884	0.39800000	-0.00531716	0.39800000	-0.00531716
0.40270000	-0.00182308	0.40270000	-0.00095620	0.40270000	-0.00173588	0.40270000	-0.00333840	0.40270000	-0.00323564	0.40270000	-0.00172887	0.40270000	-0.00194201	0.40270000	-0.00277699	0.40270000	-0.00531716	0.40270000	-0.00531715
0.40740000	-0.00187376	0.40740000	-0.00100243	0.40740000	-0.00178939	0.40740000	-0.00342954	0.40740000	-0.00330970	0.40740000	-0.00178279	0.40740000	-0.00199713	0.40740000	-0.00284631	0.40740000	-0.00531716	0.40740000	-0.00531716
0.41210000	-0.00192597	0.41210000	-0.00104995	0.41210000	-0.00184353	0.41210000	-0.00352351	0.41210000	-0.00338836	0.41210000	-0.00183731	0.41210000	-0.00205361	0.41210000	-0.00291731	0.41210000	-0.00531715	0.41210000	-0.00531716
0.41680000	-0.00197919	0.41680000	-0.00109782	0.41680000	-0.00190002	0.41680000	-0.00361828	0.41680000	-0.00346662	0.41680000	-0.00189292	0.41680000	-0.00211135	0.41680000	-0.00298934	0.41680000	-0.00531715	0.41680000	-0.00531716
0.42150000	-0.00203396	0.42150000	-0.00114664	0.42150000	-0.00195618	0.42150000	-0.00371575	0.42150000	-0.00355002	0.42150000	-0.00194919	0.42150000	-0.00217015	0.42150000	-0.00306289	0.42150000	-0.00531716	0.42150000	-0.00531716
0.42615000	-0.00209015	0.42615000	-0.00119616	0.42615000	-0.00201313	0.42615000	-0.00381457	0.42615000	-0.00364189	0.42615000	-0.00200592	0.42615000	-0.00222954	0.42615000	-0.00313746	0.42615000	-0.00531716	0.42615000	-0.00531716
0.43085000	-0.00214806	0.43085000	-0.00124682	0.43085000	-0.00207151	0.43085000	-0.00391604	0.43085000	-0.00374030	0.43085000	-0.00206387	0.43085000	-0.00229105	0.43085000	-0.00321538	0.43085000	-0.00531716	0.43085000	-0.00531716
0.43555000	-0.00220711	0.43555000	-0.00129807	0.43555000	-0.00213133	0.43555000	-0.00401988	0.43555000	-0.00382848	0.43555000	-0.00212267	0.43555000	-0.00235349	0.43555000	-0.00329356	0.43555000	-0.00531716	0.43555000	-0.00531716
0.44025000	-0.00226791	0.44025000	-0.00135105	0.44025000	-0.00219208	0.44025000	-0.00412674	0.44025000	-0.00391763	0.44025000	-0.00218206	0.44025000	-0.00241788	0.44025000	-0.00337432	0.44025000	-0.00531716	0.44025000	-0.00531716
0.44495000	-0.00233005	0.44495000	-0.00140446	0.44495000	-0.00225376	0.44495000	-0.00423554	0.44495000	-0.00401462	0.44495000	-0.00224288	0.44495000	-0.00248370	0.44495000	-0.00345763	0.44495000	-0.00531716	0.44495000	-0.00531716
0.44965000	-0.00239479	0.44965000	-0.00145803	0.44965000	-0.00231610	0.44965000	-0.00434705	0.44965000	-0.00411476	0.44965000	-0.00230351	0.44965000	-0.00255003	0.44965000	-0.00354207	0.44965000	-0.00531715	0.44965000	-0.00531716
0.45435000	-0.00246189	0.45435000	-0.00151314	0.45435000	-0.00238031	0.45435000	-0.00446308	0.45435000	-0.00421728	0.45435000	-0.00236597	0.45435000	-0.00261906	0.45435000	-0.00363027	0.45435000	-0.00531716	0.45435000	-0.00531716
0.45905000	-0.00253195	0.45905000	-0.00157003	0.45905000	-0.00244599	0.45905000	-0.00458298	0.45905000	-0.00431527	0.45905000	-0.00242880	0.45905000	-0.00268956	0.45905000	-0.00372031	0.45905000	-0.00531716	0.45905000	-0.00531716
0.46375000	-0.00260543	0.46375000	-0.00162694	0.46375000	-0.00251316	0.46375000	-0.00470663	0.46375000	-0.00442531	0.46375000	-0.00249234	0.46375000	-0.00276213	0.46375000	-0.00381356	0.46375000	-0.00531715	0.46375000	-0.00531716
0.46845000	-0.00268156	0.46845000	-0.00168547	0.46845000	-0.00258093	0.46845000	-0.00483341	0.46845000	-0.00454145	0.46845000	-0.00255696	0.46845000	-0.00283708	0.46845000	-0.00390930	0.46845000	-0.00531716	0.46845000	-0.00531716
0.47315000	-0.00276193	0.47315000	-0.00174457	0.47315000	-0.00265137	0.47315000	-0.00496730	0.47315000	-0.00466326	0.47315000	-0.00262312	0.47315000	-0.00291339	0.47315000	-0.00400916	0.47315000	-0.00531716	0.47315000	-0.00531716
0.47785000	-0.00284674	0.47785000	-0.00180445	0.47785000	-0.00272325	0.47785000	-0.00510607	0.47785000	-0.00479096	0.47785000	-0.00269022	0.47785000	-0.00299210	0.47785000	-0.00411190	0.47785000	-0.00531716	0.47785000	-0.00531716
0.48255000	-0.00292530	0.48255000	-0.00186613	0.48255000	-0.00279703	0.48255000	-0.00525289	0.48255000	-0.00492879	0.48255000	-0.00275848	0.48255000	-0.00307318	0.48255000	-0.00422084	0.48255000	-0.00531714	0.48255000	-0.00531715
0.48725000	-0.00301896	0.48725000	-0.00192868	0.48725000	-0.00287173	0.48725000	-0.00531715	0.48725000	-0.00508103	0.48725000	-0.00282738	0.48725000	-0.00315643	0.48725000	-0.00433421	0.48725000	-0.00531715	0.48725000	-0.00531715
0.49195000	-0.00311929	0.49195000	-0.00199222	0.49195000	-0.00294876	0.49195000	-0.00531716	0.49195000	-0.00523574	0.49195000	-0.00289757	0.49195000	-0.00324265	0.49195000	-0.00445237	0.49195000	-0.00531715	0.49195000	-0.00531715
0.49665000	-0.00322770	0.49665000	-0.00205704	0.49665000	-0.00302820	0.49665000	-0.00531715	0.49665000	-0.00531716	0.49665000	-0.00296801	0.49665000	-0.00333233	0.49665000	-0.00457800	0.49665000	-0.00531716	0.49665000	-0.00531715
0.50135000	-0.00334366	0.50135000	-0.00212395	0.50135000	-0.00310937	0.50135000	-0.00531715	0.50135000	-0.00531715	0.50135000	-0.00304038	0.50135000	-0.00342526	0.50135000	-0.00471072	0.50135000	-0.00531716	0.50135000	-0.00531716
0.50605000	-0.00346968	0.50605000	-0.00219137	0.50605000	-0.00319354	0.50605000	-0.00531716	0.50605000	-0.00531716	0.50605000	-0.00311466	0.50605000	-0.00352223	0.50605000	-0.00485277	0.50605000	-0.00531715	0.50605000	-0.00531716
0.51075000	-0.00361173	0.51075000	-0.00226081	0.51075000	-0.00327953	0.51075000	-0.00531715	0.51075000	-0.00531716	0.51075000	-0.00318981	0.51075000	-0.00362384	0.51075000	-0.00500389	0.51075000	-0.00531716	0.51075000	-0.00531715
0.51545000	-0.00377879	0.51545000	-0.00233086	0.51545000	-0.00336940	0.51545000	-0.00531716	0.51545000	-0.00531715	0.51545000	-0.00326559	0.51545000	-0.00372963	0.51545000	-0.00516788	0.51545000	-0.00531716	0.51545000	-0.00531716
0.52015000	-0.00397801	0.52015000	-0.00240206	0.52015000	-0.00345756	0.52015000	-0.00531716	0.52015000	-0.00531716	0.52015000	-0.00334342	0.52015000	-0.00384047	0.52015000	-0.00531716	0.52015000	-0.00531715	0.52015000	-0.00531715
0.52485000	-0.00423557	0.52485000	-0.00247530	0.52485000	-0.00355560	0.52485000	-0.00531715	0.52485000	-0.00531715	0.52485000	-0.00342215	0.52485000	-0.00395840	0.52485000	-0.00531716	0.52485000	-0.00531716	0.52485000	-0.00531715
0.52955000	-0.00459153	0.52955000	-0.00255063	0.52955000	-0.00365687	0.52955000	-0.00531715	0.52955000	-0.00531715	0.52955000	-0.00350258	0.52955000	-0.00408176	0.52955000	-0.00531716	0.52955000	-0.00531716	0.52955000	-0.00531716
0.53425000	-0.00476247	0.53425000	-0.00262746	0.53425000	-0.00376226	0.53425000	-0.00531716	0.53425000	-0.00531714	0.53425000	-0.00358467	0.53425000	-0.00421323	0.53425000	-0.00531716	0.53425000	-0.00531716	0.53425000	-0.00531716
0.53895000	-0.00531713	0.53895000	-0.00270653	0.53895000	-0.00386877	0.53895000	-0.00531716	0.53895000	-0.00531716	0.53895000	-0.00366904	0.53895000	-0.00435492	0.53895000	-0.00531716	0.53895000	-0.00531716	0.53895000	-0.00531715
0.54360000	-0.00531714	0.54360000	-0.00278636	0.54360000	-0.00397901	0.54360000	-0.00531715	0.54360000	-0.00531716	0.54360000	-0.00375465	0.54360000	-0.00450518	0.54360000	-0.00531716	0.54360000	-0.00531715	0.54360000	-0.00531715
0.54830000	-0.00531715	0.54830000	-0.00286929	0.54830000	-0.00409815	0.54830000	-0.00531715	0.54830000	-0.00531716	0.54830000	-0.00384283	0.54830000	-0.00467052	0.54830000	-0.00531716	0.54830000	-0.00531716	0.54830000	-0.00531716
0.55300000	-0.00531716	0.55300000	-0.00295516	0.55300000	-0.00422442	0.55300000	-0.00531716	0.55300000	-0.00531716	0.55300000	-0.00393316	0.55300000	-0.00484815	0.55300000	-0.00531716	0.55300000	-0.00531716	0.55300000	-0.00531716
0.55770000	-0.00531715	0.55770000	-0.00304374	0.55770000	-0.00430374	0.55770000	-0.00531716	0.55770000	-0.00531716	0.55770000	-0.00402709	0.55770000	-0.00505211	0.55770000	-0.00531716	0.55770000	-0.00531716	0.55770000	-0.00531715
0.56240000	-0.00531715	0.56240000	-0.00313457	0.56240000	-0.00444260	0.56240000	-0.00531716	0.56240000	-0.00531716	0.56240000	-0.00412323	0.56240000	-0.00528231	0.56240000	-0.00531716	0.56240000	-0.00531715	0.56240000	-0.00531715
0.56710000	-0.00531716	0.56710000	-0.00323002	0.56710000	-0.00460208	0.56710000	-0.00531715	0.56710000	-0.00531716	0.56710000	-0.00422192	0.56710000	-0.00531716	0.56710000	-0.00531716	0.56710000	-0.00531716	0.56710000	-0.00531715
0.57180000	-0.00531715	0.57180000	-0.00333004	0.57180000	-0.00477857	0.57180000	-0.00531715	0.57180000	-0.00531716	0.57180000	-0.00432269	0.57180000	-0.00531716	0.57180000	-0.00531717	0.57180000	-0.00531716	0.57180000	-0.00531716
0.57650000	-0.00531715	0.57650000	-0.00343478	0.57650000	-0.00496983	0.57650000	-0.00531716	0.57650000	-0.00531716	0.57650000	-0.00442649	0.57650000	-0.00531716	0.57650000	-0.00531716	0.57650000	-0.00531716	0.57650000	-0.00531716
0.58120000	-0.00531715	0.58120000	-0.00354310	0.58120000	-0.00517820	0.58120000	-0.00531716	0.58120000	-0.00531716	0.58120000	-0.00453171	0.58120000	-0.00531716	0.58120000	-0.00531717	0.58120000	-0.00531716	0.58120000	-0.00531716
0.58590000	-0.00531714	0.58590000	-0.00365637	0.58590000	-0.00531716	0.58590000	-0.00531715	0.58590000	-0.00531716	0.58590000	-0.00464191	0.58590000	-0.00531715	0.58590000	-0.00531716	0.58590000	-0.00531716	0.58590000	-0.00531715
0.59060000	-0.00531716	0.59060000	-0.00377505	0.59060000	-0.00531716	0.59060000	-0.00531716	0.59060000	-0.00531716	0.59060000	-0.00475838	0.59060000	-0.00531715	0.59060000	-0.00531716	0.59060000	-0.00531716	0.59060000	-0.00531716
0.59530000	-0.00531716	0.59530000	-0.00389734	0.59530000	-0.00531716	0.59530000	-0.00531716	0.59530000	-0.00531715	0.59530000	-0.00487884	0.59530000	-0.00531716	0.59530000	-0.00531715	0.59530000	-0.00531716	0.59530000	-0.00531715
0.60000000	-0.00531715	0.60000000	-0.00399309	0.60000000	-0.00531716	0.60000000	-0.00531716	0.60000000	-0.00531715	0.60000000	-0.00500515	0.60000000	-0.00531716	0.60000000	-0.00531716	0.60000000	-0.00531715	0.60000000	-0.00531716
