Mo_400Sb_30Se_1 2026-07-09 12-05-45		Mo_400Sb_30Se_2 2026-07-09 12-07-33		Mo_400Sb_30Se_3 2026-07-09 12-09-34		Mo_400Sb_30Se_5 2026-07-09 12-11-24		Mo_400Sb_30Se_6 2026-07-09 12-12-38		Mo_400Sb_30Se_7 2026-07-09 12-13-59		Mo_400Sb_30Se_8 2026-07-09 12-15-13		Mo_400Sb_30Se_9 2026-07-09 12-16-33		Mo_400Sb_30Se_10 2026-07-09 12-17-48		Mo_400Sb_30Se_11 2026-07-09 12-19-34		Mo_400Sb_30Se_12 2026-07-09 12-22-06	
Vmeas	Imeas	Vmeas	Imeas	Vmeas	Imeas	Vmeas	Imeas	Vmeas	Imeas	Vmeas	Imeas	Vmeas	Imeas	Vmeas	Imeas	Vmeas	Imeas	Vmeas	Imeas	Vmeas	Imeas
-0.10000000	0.00337056	-0.10000000	0.00336633	-0.10000000	0.00404456	-0.10000000	0.00329466	-0.10000000	0.00320396	-0.10000000	0.00338940	-0.10000000	0.00351954	-0.10000000	0.00188469	-0.10000000	0.00243934	-0.10000000	0.00255516	-0.10000000	0.00222363
-0.09530000	0.00328140	-0.09530000	0.00328542	-0.09530000	0.00394072	-0.09530000	0.00322173	-0.09530000	0.00317427	-0.09530000	0.00332456	-0.09530000	0.00346318	-0.09530000	0.00184629	-0.09530000	0.00241885	-0.09530000	0.00253563	-0.09530000	0.00220416
-0.09060000	0.00319176	-0.09060000	0.00319463	-0.09060000	0.00383486	-0.09060000	0.00314774	-0.09060000	0.00314496	-0.09060000	0.00326061	-0.09060000	0.00340756	-0.09060000	0.00180778	-0.09060000	0.00239796	-0.09060000	0.00251493	-0.09060000	0.00218422
-0.08590000	0.00310150	-0.08590000	0.00310515	-0.08590000	0.00372624	-0.08590000	0.00307321	-0.08590000	0.00311518	-0.08590000	0.00319415	-0.08590000	0.00335077	-0.08590000	0.00176859	-0.08590000	0.00237621	-0.08590000	0.00249345	-0.08590000	0.00216625
-0.08120000	0.00300941	-0.08120000	0.00301481	-0.08120000	0.00361845	-0.08120000	0.00299812	-0.08120000	0.00308305	-0.08120000	0.00312852	-0.08120000	0.00329421	-0.08120000	0.00172980	-0.08120000	0.00235433	-0.08120000	0.00247137	-0.08120000	0.00214592
-0.07650000	0.00291788	-0.07650000	0.00292466	-0.07650000	0.00350904	-0.07650000	0.00292339	-0.07650000	0.00305223	-0.07650000	0.00306282	-0.07650000	0.00323852	-0.07650000	0.00169101	-0.07650000	0.00233182	-0.07650000	0.00245086	-0.07650000	0.00212540
-0.07180000	0.00282591	-0.07180000	0.00283323	-0.07180000	0.00339974	-0.07180000	0.00284540	-0.07180000	0.00301896	-0.07180000	0.00299631	-0.07180000	0.00318140	-0.07180000	0.00165318	-0.07180000	0.00230954	-0.07180000	0.00242787	-0.07180000	0.00210619
-0.06710000	0.00273394	-0.06710000	0.00274200	-0.06710000	0.00329093	-0.06710000	0.00276910	-0.06710000	0.00298707	-0.06710000	0.00293131	-0.06710000	0.00312483	-0.06710000	0.00161415	-0.06710000	0.00228817	-0.06710000	0.00240536	-0.06710000	0.00208571
-0.06240000	0.00264106	-0.06240000	0.00265127	-0.06240000	0.00318049	-0.06240000	0.00269308	-0.06240000	0.00295740	-0.06240000	0.00286391	-0.06240000	0.00306468	-0.06240000	0.00157492	-0.06240000	0.00226500	-0.06240000	0.00238453	-0.06240000	0.00206477
-0.05770000	0.00254897	-0.05770000	0.00256042	-0.05770000	0.00307004	-0.05770000	0.00261681	-0.05770000	0.00292439	-0.05770000	0.00279695	-0.05770000	0.00300658	-0.05770000	0.00153524	-0.05770000	0.00224357	-0.05770000	0.00236185	-0.05770000	0.00204539
-0.05300000	0.00245559	-0.05300000	0.00246855	-0.05300000	0.00295936	-0.05300000	0.00253866	-0.05300000	0.00289158	-0.05300000	0.00272974	-0.05300000	0.00294780	-0.05300000	0.00149521	-0.05300000	0.00221999	-0.05300000	0.00233824	-0.05300000	0.00202290
-0.04830000	0.00236181	-0.04830000	0.00237660	-0.04830000	0.00284818	-0.04830000	0.00245989	-0.04830000	0.00285703	-0.04830000	0.00266157	-0.04830000	0.00288745	-0.04830000	0.00145582	-0.04830000	0.00219814	-0.04830000	0.00231559	-0.04830000	0.00200380
-0.04360000	0.00226762	-0.04360000	0.00228344	-0.04360000	0.00273679	-0.04360000	0.00238150	-0.04360000	0.00282481	-0.04360000	0.00259448	-0.04360000	0.00282934	-0.04360000	0.00141696	-0.04360000	0.00217602	-0.04360000	0.00229251	-0.04360000	0.00198284
-0.03895000	0.00217496	-0.03895000	0.00219194	-0.03895000	0.00262452	-0.03895000	0.00230293	-0.03895000	0.00279227	-0.03895000	0.00252758	-0.03895000	0.00276825	-0.03895000	0.00137719	-0.03895000	0.00215328	-0.03895000	0.00227078	-0.03895000	0.00196032
-0.03425000	0.00208001	-0.03425000	0.00209936	-0.03425000	0.00251115	-0.03425000	0.00222213	-0.03425000	0.00275879	-0.03425000	0.00246042	-0.03425000	0.00271009	-0.03425000	0.00133703	-0.03425000	0.00212899	-0.03425000	0.00224701	-0.03425000	0.00193913
-0.02955000	0.00198566	-0.02955000	0.00200770	-0.02955000	0.00239836	-0.02955000	0.00214286	-0.02955000	0.00272610	-0.02955000	0.00239225	-0.02955000	0.00264788	-0.02955000	0.00129551	-0.02955000	0.00210574	-0.02955000	0.00222489	-0.02955000	0.00191745
-0.02485000	0.00189046	-0.02485000	0.00191580	-0.02485000	0.00228639	-0.02485000	0.00206366	-0.02485000	0.00269178	-0.02485000	0.00232679	-0.02485000	0.00258770	-0.02485000	0.00125597	-0.02485000	0.00208269	-0.02485000	0.00220136	-0.02485000	0.00189575
-0.02015000	0.00179470	-0.02015000	0.00182224	-0.02015000	0.00217173	-0.02015000	0.00198527	-0.02015000	0.00265897	-0.02015000	0.00225895	-0.02015000	0.00252404	-0.02015000	0.00121568	-0.02015000	0.00205906	-0.02015000	0.00217730	-0.02015000	0.00187517
-0.01545000	0.00169897	-0.01545000	0.00172860	-0.01545000	0.00205639	-0.01545000	0.00190423	-0.01545000	0.00262557	-0.01545000	0.00219041	-0.01545000	0.00246186	-0.01545000	0.00117545	-0.01545000	0.00203459	-0.01545000	0.00215267	-0.01545000	0.00185272
-0.01075000	0.00160467	-0.01075000	0.00163585	-0.01075000	0.00194152	-0.01075000	0.00182247	-0.01075000	0.00258940	-0.01075000	0.00212176	-0.01075000	0.00240170	-0.01075000	0.00113412	-0.01075000	0.00200985	-0.01075000	0.00212715	-0.01075000	0.00183047
-0.00605000	0.00150766	-0.00605000	0.00154143	-0.00605000	0.00182568	-0.00605000	0.00174047	-0.00605000	0.00255487	-0.00605000	0.00205208	-0.00605000	0.00233856	-0.00605000	0.00109249	-0.00605000	0.00198498	-0.00605000	0.00210313	-0.00605000	0.00180873
-0.00135000	0.00141058	-0.00135000	0.00144774	-0.00135000	0.00170979	-0.00135000	0.00165844	-0.00135000	0.00251883	-0.00135000	0.00198361	-0.00135000	0.00227664	-0.00135000	0.00105202	-0.00135000	0.00196206	-0.00135000	0.00207808	-0.00135000	0.00178641
0.00335000	0.00131319	0.00335000	0.00135303	0.00335000	0.00159176	0.00335000	0.00157388	0.00335000	0.00248539	0.00335000	0.00191471	0.00335000	0.00221175	0.00335000	0.00101004	0.00335000	0.00193866	0.00335000	0.00205338	0.00335000	0.00176504
0.00805000	0.00121655	0.00805000	0.00125926	0.00805000	0.00147534	0.00805000	0.00149069	0.00805000	0.00244921	0.00805000	0.00184589	0.00805000	0.00214802	0.00805000	0.00096728	0.00805000	0.00191339	0.00805000	0.00202855	0.00805000	0.00174084
0.01275000	0.00111952	0.01275000	0.00116406	0.01275000	0.00135985	0.01275000	0.00140852	0.01275000	0.00241186	0.01275000	0.00177597	0.01275000	0.00208261	0.01275000	0.00092593	0.01275000	0.00188860	0.01275000	0.00200441	0.01275000	0.00171862
0.01745000	0.00102118	0.01745000	0.00106976	0.01745000	0.00124123	0.01745000	0.00132405	0.01745000	0.00237804	0.01745000	0.00170743	0.01745000	0.00201752	0.01745000	0.00088408	0.01745000	0.00186231	0.01745000	0.00197756	0.01745000	0.00169572
0.02215000	0.00092241	0.02215000	0.00097542	0.02215000	0.00112301	0.02215000	0.00123941	0.02215000	0.00234309	0.02215000	0.00163701	0.02215000	0.00195282	0.02215000	0.00084236	0.02215000	0.00183689	0.02215000	0.00195184	0.02215000	0.00167231
0.02685000	0.00082298	0.02685000	0.00087908	0.02685000	0.00100332	0.02685000	0.00115555	0.02685000	0.00230563	0.02685000	0.00156740	0.02685000	0.00188714	0.02685000	0.00079920	0.02685000	0.00181165	0.02685000	0.00192531	0.02685000	0.00164940
0.03155000	0.00072563	0.03155000	0.00078489	0.03155000	0.00088361	0.03155000	0.00107008	0.03155000	0.00226996	0.03155000	0.00149874	0.03155000	0.00182287	0.03155000	0.00075737	0.03155000	0.00178677	0.03155000	0.00189870	0.03155000	0.00162504
0.03625000	0.00062676	0.03625000	0.00068888	0.03625000	0.00076328	0.03625000	0.00098517	0.03625000	0.00223370	0.03625000	0.00142841	0.03625000	0.00175606	0.03625000	0.00071415	0.03625000	0.00176052	0.03625000	0.00187365	0.03625000	0.00160090
0.04095000	0.00052766	0.04095000	0.00059198	0.04095000	0.00064274	0.04095000	0.00090006	0.04095000	0.00219474	0.04095000	0.00135732	0.04095000	0.00168835	0.04095000	0.00066993	0.04095000	0.00173298	0.04095000	0.00184641	0.04095000	0.00157739
0.04565000	0.00042778	0.04565000	0.00049715	0.04565000	0.00052150	0.04565000	0.00081290	0.04565000	0.00215710	0.04565000	0.00128615	0.04565000	0.00161964	0.04565000	0.00062739	0.04565000	0.00170600	0.04565000	0.00182055	0.04565000	0.00155383
0.05035000	0.00032716	0.05035000	0.00039989	0.05035000	0.00039947	0.05035000	0.00072691	0.05035000	0.00212174	0.05035000	0.00121671	0.05035000	0.00155006	0.05035000	0.00058428	0.05035000	0.00167925	0.05035000	0.00179268	0.05035000	0.00152946
0.05505000	0.00022720	0.05505000	0.00030412	0.05505000	0.00027642	0.05505000	0.00063978	0.05505000	0.00208588	0.05505000	0.00114412	0.05505000	0.00148258	0.05505000	0.00054072	0.05505000	0.00165253	0.05505000	0.00176523	0.05505000	0.00150449
0.05975000	0.00012722	0.05975000	0.00020722	0.05975000	0.00015188	0.05975000	0.00055212	0.05975000	0.00204582	0.05975000	0.00107331	0.05975000	0.00141310	0.05975000	0.00049640	0.05975000	0.00162520	0.05975000	0.00173752	0.05975000	0.00148137
0.06445000	0.00002457	0.06445000	0.00010987	0.06445000	0.00002598	0.06445000	0.00046471	0.06445000	0.00200843	0.06445000	0.00100111	0.06445000	0.00134212	0.06445000	0.00045219	0.06445000	0.00159777	0.06445000	0.00171107	0.06445000	0.00145689
0.06915000	-0.00007711	0.06915000	0.00001060	0.06915000	-0.00009972	0.06915000	0.00037602	0.06915000	0.00196977	0.06915000	0.00092832	0.06915000	0.00127183	0.06915000	0.00040767	0.06915000	0.00157005	0.06915000	0.00168326	0.06915000	0.00143169
0.07385000	-0.00018382	0.07385000	-0.00008674	0.07385000	-0.00023061	0.07385000	0.00028705	0.07385000	0.00193226	0.07385000	0.00085633	0.07385000	0.00120034	0.07385000	0.00036309	0.07385000	0.00154063	0.07385000	0.00165356	0.07385000	0.00140503
0.07850000	-0.00028550	0.07850000	-0.00018717	0.07850000	-0.00035452	0.07850000	0.00019816	0.07850000	0.00189277	0.07850000	0.00078519	0.07850000	0.00112870	0.07850000	0.00031837	0.07850000	0.00151294	0.07850000	0.00162425	0.07850000	0.00137862
0.08320000	-0.00038776	0.08320000	-0.00028504	0.08320000	-0.00048245	0.08320000	0.00010829	0.08320000	0.00185337	0.08320000	0.00071269	0.08320000	0.00105457	0.08320000	0.00027231	0.08320000	0.00148267	0.08320000	0.00159699	0.08320000	0.00135130
0.08790000	-0.00049045	0.08790000	-0.00038325	0.08790000	-0.00061130	0.08790000	0.00001708	0.08790000	0.00181402	0.08790000	0.00063898	0.08790000	0.00097932	0.08790000	0.00022668	0.08790000	0.00145383	0.08790000	0.00156865	0.08790000	0.00132492
0.09260000	-0.00059404	0.09260000	-0.00048234	0.09260000	-0.00074036	0.09260000	-0.00007391	0.09260000	0.00177418	0.09260000	0.00056672	0.09260000	0.00090617	0.09260000	0.00018087	0.09260000	0.00142280	0.09260000	0.00153926	0.09260000	0.00129911
0.09730000	-0.00069688	0.09730000	-0.00058136	0.09730000	-0.00087139	0.09730000	-0.00016859	0.09730000	0.00173236	0.09730000	0.00049628	0.09730000	0.00083249	0.09730000	0.00013423	0.09730000	0.00139215	0.09730000	0.00150895	0.09730000	0.00127278
0.10200000	-0.00080057	0.10200000	-0.00068001	0.10200000	-0.00100261	0.10200000	-0.00026021	0.10200000	0.00169266	0.10200000	0.00042280	0.10200000	0.00075833	0.10200000	0.00008620	0.10200000	0.00136270	0.10200000	0.00147925	0.10200000	0.00124426
0.10670000	-0.00090395	0.10670000	-0.00077982	0.10670000	-0.00113466	0.10670000	-0.00035292	0.10670000	0.00165113	0.10670000	0.00034859	0.10670000	0.00068255	0.10670000	0.00003998	0.10670000	0.00133077	0.10670000	0.00144806	0.10670000	0.00121593
0.11140000	-0.00101002	0.11140000	-0.00088057	0.11140000	-0.00126770	0.11140000	-0.00044600	0.11140000	0.00161094	0.11140000	0.00027435	0.11140000	0.00060476	0.11140000	-0.00000823	0.11140000	0.00129859	0.11140000	0.00141760	0.11140000	0.00118789
0.11610000	-0.00111716	0.11610000	-0.00098137	0.11610000	-0.00140142	0.11610000	-0.00053979	0.11610000	0.00157071	0.11610000	0.00020079	0.11610000	0.00052683	0.11610000	-0.00005770	0.11610000	0.00126724	0.11610000	0.00138526	0.11610000	0.00115993
0.12080000	-0.00122279	0.12080000	-0.00108242	0.12080000	-0.00153743	0.12080000	-0.00063318	0.12080000	0.00152964	0.12080000	0.00012604	0.12080000	0.00044837	0.12080000	-0.00010613	0.12080000	0.00123445	0.12080000	0.00135491	0.12080000	0.00113190
0.12550000	-0.00133037	0.12550000	-0.00118401	0.12550000	-0.00167260	0.12550000	-0.00072849	0.12550000	0.00148725	0.12550000	0.00004914	0.12550000	0.00036856	0.12550000	-0.00015507	0.12550000	0.00120193	0.12550000	0.00132184	0.12550000	0.00110243
0.13020000	-0.00143717	0.13020000	-0.00128687	0.13020000	-0.00180973	0.13020000	-0.00082476	0.13020000	0.00144425	0.13020000	-0.00002653	0.13020000	0.00028973	0.13020000	-0.00020366	0.13020000	0.00116858	0.13020000	0.00129032	0.13020000	0.00107434
0.13490000	-0.00154437	0.13490000	-0.00138980	0.13490000	-0.00194790	0.13490000	-0.00091938	0.13490000	0.00140097	0.13490000	-0.00010065	0.13490000	0.00020773	0.13490000	-0.00025314	0.13490000	0.00113524	0.13490000	0.00125774	0.13490000	0.00104305
0.13960000	-0.00165271	0.13960000	-0.00149315	0.13960000	-0.00208725	0.13960000	-0.00101568	0.13960000	0.00135948	0.13960000	-0.00017745	0.13960000	0.00012729	0.13960000	-0.00030299	0.13960000	0.00110057	0.13960000	0.00122344	0.13960000	0.00101356
0.14430000	-0.00176143	0.14430000	-0.00159663	0.14430000	-0.00222652	0.14430000	-0.00111514	0.14430000	0.00131473	0.14430000	-0.00025410	0.14430000	0.00004225	0.14430000	-0.00035376	0.14430000	0.00106596	0.14430000	0.00119082	0.14430000	0.00098073
0.14900000	-0.00187030	0.14900000	-0.00170083	0.14900000	-0.00236743	0.14900000	-0.00121408	0.14900000	0.00127094	0.14900000	-0.00033046	0.14900000	-0.00004211	0.14900000	-0.00040442	0.14900000	0.00103077	0.14900000	0.00115734	0.14900000	0.00094961
0.15370000	-0.00198212	0.15370000	-0.00180597	0.15370000	-0.00250776	0.15370000	-0.00131285	0.15370000	0.00122706	0.15370000	-0.00040671	0.15370000	-0.00012887	0.15370000	-0.00045571	0.15370000	0.00099607	0.15370000	0.00112210	0.15370000	0.00091716
0.15840000	-0.00209197	0.15840000	-0.00191105	0.15840000	-0.00265102	0.15840000	-0.00141283	0.15840000	0.00118322	0.15840000	-0.00048417	0.15840000	-0.00021562	0.15840000	-0.00050719	0.15840000	0.00095849	0.15840000	0.00108526	0.15840000	0.00088401
0.16310000	-0.00220450	0.16310000	-0.00201671	0.16310000	-0.00279449	0.16310000	-0.00151248	0.16310000	0.00113783	0.16310000	-0.00056259	0.16310000	-0.00030105	0.16310000	-0.00055916	0.16310000	0.00092160	0.16310000	0.00104985	0.16310000	0.00085083
0.16780000	-0.00231835	0.16780000	-0.00212451	0.16780000	-0.00294018	0.16780000	-0.00161326	0.16780000	0.00109213	0.16780000	-0.00063938	0.16780000	-0.00038871	0.16780000	-0.00061162	0.16780000	0.00088445	0.16780000	0.00101444	0.16780000	0.00081629
0.17250000	-0.00243183	0.17250000	-0.00223186	0.17250000	-0.00308537	0.17250000	-0.00171649	0.17250000	0.00104571	0.17250000	-0.00071708	0.17250000	-0.00047759	0.17250000	-0.00066486	0.17250000	0.00084640	0.17250000	0.00097693	0.17250000	0.00078292
0.17720000	-0.00254653	0.17720000	-0.00234070	0.17720000	-0.00323132	0.17720000	-0.00181905	0.17720000	0.00099990	0.17720000	-0.00079524	0.17720000	-0.00056707	0.17720000	-0.00071803	0.17720000	0.00080726	0.17720000	0.00094061	0.17720000	0.00074699
0.18190000	-0.00266256	0.18190000	-0.00245217	0.18190000	-0.00337897	0.18190000	-0.00192208	0.18190000	0.00095045	0.18190000	-0.00087433	0.18190000	-0.00065668	0.18190000	-0.00077282	0.18190000	0.00076763	0.18190000	0.00090375	0.18190000	0.00071077
0.18660000	-0.00277928	0.18660000	-0.00256398	0.18660000	-0.00352849	0.18660000	-0.00202801	0.18660000	0.00090267	0.18660000	-0.00095474	0.18660000	-0.00074969	0.18660000	-0.00082721	0.18660000	0.00072868	0.18660000	0.00086718	0.18660000	0.00067403
0.19130000	-0.00289727	0.19130000	-0.00267540	0.19130000	-0.00367889	0.19130000	-0.00213475	0.19130000	0.00085546	0.19130000	-0.00103540	0.19130000	-0.00084205	0.19130000	-0.00088307	0.19130000	0.00068759	0.19130000	0.00082781	0.19130000	0.00063487
0.19595000	-0.00301561	0.19595000	-0.00278654	0.19595000	-0.00382849	0.19595000	-0.00224058	0.19595000	0.00080814	0.19595000	-0.00111494	0.19595000	-0.00093398	0.19595000	-0.00093824	0.19595000	0.00064719	0.19595000	0.00078822	0.19595000	0.00059703
0.20065000	-0.00313509	0.20065000	-0.00289959	0.20065000	-0.00398059	0.20065000	-0.00234762	0.20065000	0.00075916	0.20065000	-0.00119704	0.20065000	-0.00102878	0.20065000	-0.00099572	0.20065000	0.00060525	0.20065000	0.00074746	0.20065000	0.00055677
0.20535000	-0.00325771	0.20535000	-0.00301448	0.20535000	-0.00413272	0.20535000	-0.00245837	0.20535000	0.00071026	0.20535000	-0.00127839	0.20535000	-0.00112699	0.20535000	-0.00105223	0.20535000	0.00056350	0.20535000	0.00070715	0.20535000	0.00051521
0.21005000	-0.00338187	0.21005000	-0.00313109	0.21005000	-0.00428805	0.21005000	-0.00256985	0.21005000	0.00065673	0.21005000	-0.00136086	0.21005000	-0.00122428	0.21005000	-0.00110962	0.21005000	0.00052088	0.21005000	0.00066501	0.21005000	0.00047217
0.21475000	-0.00350649	0.21475000	-0.00324812	0.21475000	-0.00444443	0.21475000	-0.00268232	0.21475000	0.00060655	0.21475000	-0.00144205	0.21475000	-0.00132147	0.21475000	-0.00116870	0.21475000	0.00047779	0.21475000	0.00062190	0.21475000	0.00042778
0.21945000	-0.00363223	0.21945000	-0.00336616	0.21945000	-0.00460121	0.21945000	-0.00279651	0.21945000	0.00055578	0.21945000	-0.00152635	0.21945000	-0.00141943	0.21945000	-0.00122884	0.21945000	0.00043450	0.21945000	0.00057932	0.21945000	0.00038341
0.22415000	-0.00375918	0.22415000	-0.00348476	0.22415000	-0.00476042	0.22415000	-0.00291233	0.22415000	0.00050133	0.22415000	-0.00161147	0.22415000	-0.00152149	0.22415000	-0.00128920	0.22415000	0.00038956	0.22415000	0.00053353	0.22415000	0.00033591
0.22885000	-0.00388882	0.22885000	-0.00360403	0.22885000	-0.00491873	0.22885000	-0.00303028	0.22885000	0.00044797	0.22885000	-0.00169477	0.22885000	-0.00162287	0.22885000	-0.00135077	0.22885000	0.00034363	0.22885000	0.00048746	0.22885000	0.00028772
0.23355000	-0.00401964	0.23355000	-0.00372662	0.23355000	-0.00508131	0.23355000	-0.00314931	0.23355000	0.00039412	0.23355000	-0.00178147	0.23355000	-0.00172664	0.23355000	-0.00141273	0.23355000	0.00029783	0.23355000	0.00044220	0.23355000	0.00023625
0.23825000	-0.00415227	0.23825000	-0.00385008	0.23825000	-0.00524370	0.23825000	-0.00327117	0.23825000	0.00034032	0.23825000	-0.00186782	0.23825000	-0.00183321	0.23825000	-0.00147605	0.23825000	0.00025001	0.23825000	0.00039548	0.23825000	0.00018471
0.24295000	-0.00428620	0.24295000	-0.00397523	0.24295000	-0.00540624	0.24295000	-0.00339402	0.24295000	0.00028329	0.24295000	-0.00195525	0.24295000	-0.00194110	0.24295000	-0.00154078	0.24295000	0.00020341	0.24295000	0.00034707	0.24295000	0.00013110
0.24765000	-0.00442245	0.24765000	-0.00410166	0.24765000	-0.00557226	0.24765000	-0.00351846	0.24765000	0.00022718	0.24765000	-0.00204374	0.24765000	-0.00204949	0.24765000	-0.00160715	0.24765000	0.00015428	0.24765000	0.00029691	0.24765000	0.00007502
0.25235000	-0.00456156	0.25235000	-0.00423012	0.25235000	-0.00573658	0.25235000	-0.00364590	0.25235000	0.00016887	0.25235000	-0.00213216	0.25235000	-0.00215973	0.25235000	-0.00167302	0.25235000	0.00010510	0.25235000	0.00024770	0.25235000	0.00001601
0.25705000	-0.00470257	0.25705000	-0.00436057	0.25705000	-0.00590375	0.25705000	-0.00377384	0.25705000	0.00010892	0.25705000	-0.00222184	0.25705000	-0.00226866	0.25705000	-0.00174132	0.25705000	0.00005416	0.25705000	0.00019592	0.25705000	-0.00004384
0.26175000	-0.00484613	0.26175000	-0.00449315	0.26175000	-0.00607267	0.26175000	-0.00390322	0.26175000	0.00004812	0.26175000	-0.00231340	0.26175000	-0.00238235	0.26175000	-0.00180953	0.26175000	0.00000330	0.26175000	0.00014231	0.26175000	-0.00010728
0.26645000	-0.00499289	0.26645000	-0.00462650	0.26645000	-0.00624284	0.26645000	-0.00403419	0.26645000	-0.00001231	0.26645000	-0.00240601	0.26645000	-0.00249821	0.26645000	-0.00188058	0.26645000	-0.00004997	0.26645000	0.00008630	0.26645000	-0.00017270
0.27115000	-0.00514281	0.27115000	-0.00476315	0.27115000	-0.00641492	0.27115000	-0.00416769	0.27115000	-0.00007658	0.27115000	-0.00249859	0.27115000	-0.00261555	0.27115000	-0.00195176	0.27115000	-0.00010240	0.27115000	0.00003085	0.27115000	-0.00023991
0.27585000	-0.00529578	0.27585000	-0.00490273	0.27585000	-0.00658767	0.27585000	-0.00430325	0.27585000	-0.00014018	0.27585000	-0.00259208	0.27585000	-0.00273439	0.27585000	-0.00202515	0.27585000	-0.00015816	0.27585000	-0.00002596	0.27585000	-0.00031017
0.28055000	-0.00545343	0.28055000	-0.00504596	0.28055000	-0.00676095	0.28055000	-0.00444056	0.28055000	-0.00020462	0.28055000	-0.00268758	0.28055000	-0.00285578	0.28055000	-0.00209839	0.28055000	-0.00021311	0.28055000	-0.00008439	0.28055000	-0.00038334
0.28525000	-0.00561543	0.28525000	-0.00518872	0.28525000	-0.00693694	0.28525000	-0.00458090	0.28525000	-0.00027096	0.28525000	-0.00278386	0.28525000	-0.00297856	0.28525000	-0.00217393	0.28525000	-0.00026940	0.28525000	-0.00014684	0.28525000	-0.00045866
0.28995000	-0.00578120	0.28995000	-0.00533638	0.28995000	-0.00711551	0.28995000	-0.00472181	0.28995000	-0.00033947	0.28995000	-0.00288173	0.28995000	-0.00310293	0.28995000	-0.00225168	0.28995000	-0.00032732	0.28995000	-0.00020893	0.28995000	-0.00053812
0.29465000	-0.00595066	0.29465000	-0.00548664	0.29465000	-0.00729522	0.29465000	-0.00486466	0.29465000	-0.00041022	0.29465000	-0.00298104	0.29465000	-0.00323063	0.29465000	-0.00233021	0.29465000	-0.00038591	0.29465000	-0.00027279	0.29465000	-0.00061975
0.29935000	-0.00612704	0.29935000	-0.00564072	0.29935000	-0.00747791	0.29935000	-0.00500952	0.29935000	-0.00048185	0.29935000	-0.00308099	0.29935000	-0.00336109	0.29935000	-0.00240956	0.29935000	-0.00044558	0.29935000	-0.00033671	0.29935000	-0.00070323
0.30405000	-0.00630875	0.30405000	-0.00579739	0.30405000	-0.00766057	0.30405000	-0.00515584	0.30405000	-0.00055376	0.30405000	-0.00318164	0.30405000	-0.00349344	0.30405000	-0.00249040	0.30405000	-0.00050654	0.30405000	-0.00040305	0.30405000	-0.00079015
0.30870000	-0.00649472	0.30870000	-0.00595688	0.30870000	-0.00784178	0.30870000	-0.00530190	0.30870000	-0.00062889	0.30870000	-0.00328226	0.30870000	-0.00362525	0.30870000	-0.00257295	0.30870000	-0.00056926	0.30870000	-0.00047080	0.30870000	-0.00087763
0.31340000	-0.00669297	0.31340000	-0.00612274	0.31340000	-0.00802918	0.31340000	-0.00545090	0.31340000	-0.00070546	0.31340000	-0.00338604	0.31340000	-0.00376345	0.31340000	-0.00265611	0.31340000	-0.00063404	0.31340000	-0.00054130	0.31340000	-0.00096985
0.31810000	-0.00690241	0.31810000	-0.00629451	0.31810000	-0.00821749	0.31810000	-0.00560180	0.31810000	-0.00078302	0.31810000	-0.00349181	0.31810000	-0.00390464	0.31810000	-0.00274192	0.31810000	-0.00070058	0.31810000	-0.00061253	0.31810000	-0.00106528
0.32280000	-0.00712175	0.32280000	-0.00647235	0.32280000	-0.00840765	0.32280000	-0.00575418	0.32280000	-0.00086370	0.32280000	-0.00359894	0.32280000	-0.00404718	0.32280000	-0.00282969	0.32280000	-0.00076775	0.32280000	-0.00068675	0.32280000	-0.00116179
0.32750000	-0.00735201	0.32750000	-0.00665273	0.32750000	-0.00860045	0.32750000	-0.00590873	0.32750000	-0.00094472	0.32750000	-0.00370641	0.32750000	-0.00419498	0.32750000	-0.00292074	0.32750000	-0.00083633	0.32750000	-0.00076329	0.32750000	-0.00126220
0.33220000	-0.00760168	0.33220000	-0.00681271	0.33220000	-0.00879521	0.33220000	-0.00606505	0.33220000	-0.00102813	0.33220000	-0.00381471	0.33220000	-0.00434524	0.33220000	-0.00301258	0.33220000	-0.00090763	0.33220000	-0.00084134	0.33220000	-0.00136363
0.33690000	-0.00787214	0.33690000	-0.00700350	0.33690000	-0.00899368	0.33690000	-0.00622219	0.33690000	-0.00111277	0.33690000	-0.00392593	0.33690000	-0.00449876	0.33690000	-0.00310727	0.33690000	-0.00097993	0.33690000	-0.00091984	0.33690000	-0.00146737
0.34160000	-0.00816812	0.34160000	-0.00721012	0.34160000	-0.00919328	0.34160000	-0.00638082	0.34160000	-0.00119975	0.34160000	-0.00403767	0.34160000	-0.00465792	0.34160000	-0.00320100	0.34160000	-0.00105428	0.34160000	-0.00100174	0.34160000	-0.00157297
0.34630000	-0.00849857	0.34630000	-0.00741937	0.34630000	-0.00939674	0.34630000	-0.00654186	0.34630000	-0.00128888	0.34630000	-0.00415245	0.34630000	-0.00482075	0.34630000	-0.00329876	0.34630000	-0.00112949	0.34630000	-0.00108316	0.34630000	-0.00167982
0.35100000	-0.00887127	0.35100000	-0.00764533	0.35100000	-0.00960316	0.35100000	-0.00670441	0.35100000	-0.00137916	0.35100000	-0.00426768	0.35100000	-0.00498791	0.35100000	-0.00339925	0.35100000	-0.00120776	0.35100000	-0.00116804	0.35100000	-0.00178861
0.35570000	-0.00932158	0.35570000	-0.00788213	0.35570000	-0.00981212	0.35570000	-0.00686856	0.35570000	-0.00147141	0.35570000	-0.00438462	0.35570000	-0.00516065	0.35570000	-0.00349917	0.35570000	-0.00128732	0.35570000	-0.00125502	0.35570000	-0.00189915
0.36040000	-0.00987439	0.36040000	-0.00813275	0.36040000	-0.00987726	0.36040000	-0.00703463	0.36040000	-0.00156486	0.36040000	-0.00450211	0.36040000	-0.00533723	0.36040000	-0.00360307	0.36040000	-0.00136833	0.36040000	-0.00134164	0.36040000	-0.00201202
0.36510000	-0.00987726	0.36510000	-0.00840737	0.36510000	-0.00987724	0.36510000	-0.00720147	0.36510000	-0.00165922	0.36510000	-0.00462236	0.36510000	-0.00552308	0.36510000	-0.00370960	0.36510000	-0.00145097	0.36510000	-0.00143015	0.36510000	-0.00212500
0.36980000	-0.00987725	0.36980000	-0.00870213	0.36980000	-0.00987723	0.36980000	-0.00737037	0.36980000	-0.00175483	0.36980000	-0.00474313	0.36980000	-0.00571297	0.36980000	-0.00381795	0.36980000	-0.00153468	0.36980000	-0.00152000	0.36980000	-0.00223998
0.37450000	-0.00987726	0.37450000	-0.00901947	0.37450000	-0.00987723	0.37450000	-0.00754034	0.37450000	-0.00185189	0.37450000	-0.00486468	0.37450000	-0.00591318	0.37450000	-0.00392864	0.37450000	-0.00161977	0.37450000	-0.00161063	0.37450000	-0.00235647
0.37920000	-0.00987725	0.37920000	-0.00931125	0.37920000	-0.00987724	0.37920000	-0.00771281	0.37920000	-0.00195125	0.37920000	-0.00498995	0.37920000	-0.00612145	0.37920000	-0.00404236	0.37920000	-0.00170720	0.37920000	-0.00170270	0.37920000	-0.00247339
0.38390000	-0.00987725	0.38390000	-0.00973033	0.38390000	-0.00987721	0.38390000	-0.00788599	0.38390000	-0.00204919	0.38390000	-0.00511490	0.38390000	-0.00633823	0.38390000	-0.00415608	0.38390000	-0.00179541	0.38390000	-0.00179562	0.38390000	-0.00259074
0.38860000	-0.00987724	0.38860000	-0.00987724	0.38860000	-0.00987725	0.38860000	-0.00806302	0.38860000	-0.00214945	0.38860000	-0.00524242	0.38860000	-0.00656882	0.38860000	-0.00427501	0.38860000	-0.00188580	0.38860000	-0.00188996	0.38860000	-0.00270957
0.39330000	-0.00987725	0.39330000	-0.00987724	0.39330000	-0.00987725	0.39330000	-0.00824027	0.39330000	-0.00225060	0.39330000	-0.00537280	0.39330000	-0.00680958	0.39330000	-0.00439646	0.39330000	-0.00197670	0.39330000	-0.00198548	0.39330000	-0.00282919
0.39800000	-0.00987724	0.39800000	-0.00987725	0.39800000	-0.00987724	0.39800000	-0.00842037	0.39800000	-0.00235283	0.39800000	-0.00550312	0.39800000	-0.00707025	0.39800000	-0.00452176	0.39800000	-0.00206892	0.39800000	-0.00208200	0.39800000	-0.00294990
0.40270000	-0.00987726	0.40270000	-0.00987725	0.40270000	-0.00987724	0.40270000	-0.00860292	0.40270000	-0.00245499	0.40270000	-0.00563484	0.40270000	-0.00735118	0.40270000	-0.00465003	0.40270000	-0.00216238	0.40270000	-0.00217931	0.40270000	-0.00307156
0.40740000	-0.00987731	0.40740000	-0.00987724	0.40740000	-0.00987725	0.40740000	-0.00878718	0.40740000	-0.00255880	0.40740000	-0.00577000	0.40740000	-0.00765953	0.40740000	-0.00478038	0.40740000	-0.00225637	0.40740000	-0.00227696	0.40740000	-0.00319470
0.41210000	-0.00987722	0.41210000	-0.00987724	0.41210000	-0.00987725	0.41210000	-0.00897422	0.41210000	-0.00266351	0.41210000	-0.00590616	0.41210000	-0.00799012	0.41210000	-0.00491703	0.41210000	-0.00235197	0.41210000	-0.00237573	0.41210000	-0.00331753
0.41680000	-0.00987723	0.41680000	-0.00987724	0.41680000	-0.00987723	0.41680000	-0.00916386	0.41680000	-0.00276877	0.41680000	-0.00604595	0.41680000	-0.00837548	0.41680000	-0.00505536	0.41680000	-0.00244860	0.41680000	-0.00247595	0.41680000	-0.00344220
0.42150000	-0.00987725	0.42150000	-0.00987723	0.42150000	-0.00987724	0.42150000	-0.00935628	0.42150000	-0.00287529	0.42150000	-0.00618668	0.42150000	-0.00880672	0.42150000	-0.00519824	0.42150000	-0.00254706	0.42150000	-0.00257643	0.42150000	-0.00356823
0.42615000	-0.00987725	0.42615000	-0.00987724	0.42615000	-0.00987726	0.42615000	-0.00955068	0.42615000	-0.00298094	0.42615000	-0.00633036	0.42615000	-0.00932272	0.42615000	-0.00534299	0.42615000	-0.00264537	0.42615000	-0.00267683	0.42615000	-0.00369189
0.43085000	-0.00987725	0.43085000	-0.00987724	0.43085000	-0.00987720	0.43085000	-0.00974902	0.43085000	-0.00308859	0.43085000	-0.00647685	0.43085000	-0.00987725	0.43085000	-0.00549589	0.43085000	-0.00274450	0.43085000	-0.00277907	0.43085000	-0.00381748
0.43555000	-0.00987725	0.43555000	-0.00987723	0.43555000	-0.00987725	0.43555000	-0.00987724	0.43555000	-0.00319675	0.43555000	-0.00662447	0.43555000	-0.00987724	0.43555000	-0.00565604	0.43555000	-0.00284539	0.43555000	-0.00288191	0.43555000	-0.00394475
0.44025000	-0.00987725	0.44025000	-0.00987724	0.44025000	-0.00987723	0.44025000	-0.00987724	0.44025000	-0.00330394	0.44025000	-0.00677533	0.44025000	-0.00987724	0.44025000	-0.00582202	0.44025000	-0.00294683	0.44025000	-0.00298578	0.44025000	-0.00407269
0.44495000	-0.00987725	0.44495000	-0.00987724	0.44495000	-0.00987724	0.44495000	-0.00987724	0.44495000	-0.00341311	0.44495000	-0.00692973	0.44495000	-0.00987724	0.44495000	-0.00599463	0.44495000	-0.00304968	0.44495000	-0.00308936	0.44495000	-0.00420206
0.44965000	-0.00987725	0.44965000	-0.00987724	0.44965000	-0.00987724	0.44965000	-0.00987724	0.44965000	-0.00352200	0.44965000	-0.00708668	0.44965000	-0.00987724	0.44965000	-0.00617441	0.44965000	-0.00315294	0.44965000	-0.00319327	0.44965000	-0.00433163
0.45435000	-0.00987725	0.45435000	-0.00987724	0.45435000	-0.00987724	0.45435000	-0.00987724	0.45435000	-0.00363123	0.45435000	-0.00724802	0.45435000	-0.00987723	0.45435000	-0.00636783	0.45435000	-0.00325883	0.45435000	-0.00329840	0.45435000	-0.00446444
0.45905000	-0.00987726	0.45905000	-0.00987724	0.45905000	-0.00987724	0.45905000	-0.00987724	0.45905000	-0.00374234	0.45905000	-0.00741297	0.45905000	-0.00987723	0.45905000	-0.00656863	0.45905000	-0.00336497	0.45905000	-0.00340509	0.45905000	-0.00459811
0.46375000	-0.00987725	0.46375000	-0.00987724	0.46375000	-0.00987724	0.46375000	-0.00987724	0.46375000	-0.00385414	0.46375000	-0.00758315	0.46375000	-0.00987723	0.46375000	-0.00678188	0.46375000	-0.00347161	0.46375000	-0.00351245	0.46375000	-0.00473239
0.46845000	-0.00987723	0.46845000	-0.00987724	0.46845000	-0.00987724	0.46845000	-0.00987724	0.46845000	-0.00396573	0.46845000	-0.00775681	0.46845000	-0.00987724	0.46845000	-0.00700961	0.46845000	-0.00357963	0.46845000	-0.00362031	0.46845000	-0.00486827
0.47315000	-0.00987725	0.47315000	-0.00987722	0.47315000	-0.00987724	0.47315000	-0.00987724	0.47315000	-0.00407805	0.47315000	-0.00793576	0.47315000	-0.00987724	0.47315000	-0.00725407	0.47315000	-0.00368958	0.47315000	-0.00372909	0.47315000	-0.00500509
0.47785000	-0.00987724	0.47785000	-0.00987725	0.47785000	-0.00987724	0.47785000	-0.00987724	0.47785000	-0.00419072	0.47785000	-0.00811882	0.47785000	-0.00987724	0.47785000	-0.00752568	0.47785000	-0.00380010	0.47785000	-0.00383887	0.47785000	-0.00514312
0.48255000	-0.00987724	0.48255000	-0.00987724	0.48255000	-0.00987724	0.48255000	-0.00987724	0.48255000	-0.00430449	0.48255000	-0.00831058	0.48255000	-0.00987724	0.48255000	-0.00782622	0.48255000	-0.00391266	0.48255000	-0.00394991	0.48255000	-0.00528290
0.48725000	-0.00987724	0.48725000	-0.00987724	0.48725000	-0.00987724	0.48725000	-0.00987724	0.48725000	-0.00441919	0.48725000	-0.00850869	0.48725000	-0.00987723	0.48725000	-0.00815990	0.48725000	-0.00402588	0.48725000	-0.00406168	0.48725000	-0.00542494
0.49195000	-0.00987723	0.49195000	-0.00987725	0.49195000	-0.00987725	0.49195000	-0.00987723	0.49195000	-0.00453421	0.49195000	-0.00871621	0.49195000	-0.00987724	0.49195000	-0.00855427	0.49195000	-0.00414133	0.49195000	-0.00417482	0.49195000	-0.00556885
0.49665000	-0.00987724	0.49665000	-0.00987723	0.49665000	-0.00987724	0.49665000	-0.00987724	0.49665000	-0.00464962	0.49665000	-0.00893206	0.49665000	-0.00987724	0.49665000	-0.00903822	0.49665000	-0.00425711	0.49665000	-0.00428884	0.49665000	-0.00571463
0.50135000	-0.00987724	0.50135000	-0.00987724	0.50135000	-0.00987725	0.50135000	-0.00987724	0.50135000	-0.00476593	0.50135000	-0.00916052	0.50135000	-0.00987723	0.50135000	-0.00972788	0.50135000	-0.00437471	0.50135000	-0.00440400	0.50135000	-0.00586282
0.50605000	-0.00987724	0.50605000	-0.00987725	0.50605000	-0.00987724	0.50605000	-0.00987724	0.50605000	-0.00488290	0.50605000	-0.00940205	0.50605000	-0.00987724	0.50605000	-0.00987726	0.50605000	-0.00449465	0.50605000	-0.00452105	0.50605000	-0.00601325
0.51075000	-0.00987723	0.51075000	-0.00987723	0.51075000	-0.00987724	0.51075000	-0.00987723	0.51075000	-0.00500168	0.51075000	-0.00965621	0.51075000	-0.00987724	0.51075000	-0.00987725	0.51075000	-0.00461692	0.51075000	-0.00463888	0.51075000	-0.00616673
0.51545000	-0.00987724	0.51545000	-0.00987724	0.51545000	-0.00987724	0.51545000	-0.00987724	0.51545000	-0.00512003	0.51545000	-0.00987724	0.51545000	-0.00987723	0.51545000	-0.00987723	0.51545000	-0.00474090	0.51545000	-0.00475802	0.51545000	-0.00632341
0.52015000	-0.00987725	0.52015000	-0.00987723	0.52015000	-0.00987724	0.52015000	-0.00987725	0.52015000	-0.00523968	0.52015000	-0.00987723	0.52015000	-0.00987723	0.52015000	-0.00987725	0.52015000	-0.00486709	0.52015000	-0.00487837	0.52015000	-0.00648261
0.52485000	-0.00987723	0.52485000	-0.00987723	0.52485000	-0.00987724	0.52485000	-0.00987724	0.52485000	-0.00535973	0.52485000	-0.00987723	0.52485000	-0.00987723	0.52485000	-0.00987724	0.52485000	-0.00499614	0.52485000	-0.00500083	0.52485000	-0.00664527
0.52955000	-0.00987723	0.52955000	-0.00987723	0.52955000	-0.00987723	0.52955000	-0.00987725	0.52955000	-0.00548089	0.52955000	-0.00987723	0.52955000	-0.00987723	0.52955000	-0.00987725	0.52955000	-0.00512972	0.52955000	-0.00512528	0.52955000	-0.00681142
0.53425000	-0.00987723	0.53425000	-0.00987724	0.53425000	-0.00987723	0.53425000	-0.00987725	0.53425000	-0.00560344	0.53425000	-0.00987723	0.53425000	-0.00987723	0.53425000	-0.00987724	0.53425000	-0.00526582	0.53425000	-0.00525076	0.53425000	-0.00698188
0.53895000	-0.00987723	0.53895000	-0.00987724	0.53895000	-0.00987723	0.53895000	-0.00987724	0.53895000	-0.00572719	0.53895000	-0.00987723	0.53895000	-0.00987723	0.53895000	-0.00987724	0.53895000	-0.00540535	0.53895000	-0.00537782	0.53895000	-0.00715734
0.54360000	-0.00987724	0.54360000	-0.00987723	0.54360000	-0.00987724	0.54360000	-0.00987725	0.54360000	-0.00584915	0.54360000	-0.00987723	0.54360000	-0.00987724	0.54360000	-0.00987723	0.54360000	-0.00554833	0.54360000	-0.00550519	0.54360000	-0.00733524
0.54830000	-0.00987723	0.54830000	-0.00987724	0.54830000	-0.00987724	0.54830000	-0.00987724	0.54830000	-0.00597200	0.54830000	-0.00987723	0.54830000	-0.00987723	0.54830000	-0.00987725	0.54830000	-0.00569612	0.54830000	-0.00563770	0.54830000	-0.00752012
0.55300000	-0.00987724	0.55300000	-0.00987723	0.55300000	-0.00987725	0.55300000	-0.00987725	0.55300000	-0.00609917	0.55300000	-0.00987723	0.55300000	-0.00987724	0.55300000	-0.00987724	0.55300000	-0.00584750	0.55300000	-0.00577183	0.55300000	-0.00770927
0.55770000	-0.00987723	0.55770000	-0.00987723	0.55770000	-0.00987724	0.55770000	-0.00987724	0.55770000	-0.00622758	0.55770000	-0.00987724	0.55770000	-0.00987723	0.55770000	-0.00987725	0.55770000	-0.00600576	0.55770000	-0.00590782	0.55770000	-0.00790624
0.56240000	-0.00987724	0.56240000	-0.00987724	0.56240000	-0.00987723	0.56240000	-0.00987724	0.56240000	-0.00636021	0.56240000	-0.00987723	0.56240000	-0.00987724	0.56240000	-0.00987725	0.56240000	-0.00616581	0.56240000	-0.00604621	0.56240000	-0.00811078
0.56710000	-0.00987723	0.56710000	-0.00987724	0.56710000	-0.00987723	0.56710000	-0.00987724	0.56710000	-0.00649543	0.56710000	-0.00987724	0.56710000	-0.00987724	0.56710000	-0.00987725	0.56710000	-0.00633686	0.56710000	-0.00618354	0.56710000	-0.00832463
0.57180000	-0.00987723	0.57180000	-0.00987723	0.57180000	-0.00987723	0.57180000	-0.00987724	0.57180000	-0.00663057	0.57180000	-0.00987724	0.57180000	-0.00987725	0.57180000	-0.00987724	0.57180000	-0.00651409	0.57180000	-0.00632538	0.57180000	-0.00854885
0.57650000	-0.00987723	0.57650000	-0.00987724	0.57650000	-0.00987723	0.57650000	-0.00987724	0.57650000	-0.00676554	0.57650000	-0.00987723	0.57650000	-0.00987723	0.57650000	-0.00987725	0.57650000	-0.00670159	0.57650000	-0.00647387	0.57650000	-0.00878436
0.58120000	-0.00987724	0.58120000	-0.00987724	0.58120000	-0.00987724	0.58120000	-0.00987724	0.58120000	-0.00690408	0.58120000	-0.00987723	0.58120000	-0.00987724	0.58120000	-0.00987726	0.58120000	-0.00689729	0.58120000	-0.00662251	0.58120000	-0.00903105
0.58590000	-0.00987724	0.58590000	-0.00987723	0.58590000	-0.00987724	0.58590000	-0.00987724	0.58590000	-0.00704667	0.58590000	-0.00987724	0.58590000	-0.00987723	0.58590000	-0.00987724	0.58590000	-0.00710602	0.58590000	-0.00677714	0.58590000	-0.00929729
0.59060000	-0.00987724	0.59060000	-0.00987723	0.59060000	-0.00987724	0.59060000	-0.00987724	0.59060000	-0.00718748	0.59060000	-0.00987723	0.59060000	-0.00987723	0.59060000	-0.00987724	0.59060000	-0.00732915	0.59060000	-0.00693583	0.59060000	-0.00958549
0.59530000	-0.00987724	0.59530000	-0.00987723	0.59530000	-0.00987723	0.59530000	-0.00987724	0.59530000	-0.00733437	0.59530000	-0.00987723	0.59530000	-0.00987724	0.59530000	-0.00987724	0.59530000	-0.00756803	0.59530000	-0.00710145	0.59530000	-0.00987729
0.60000000	-0.00987724	0.60000000	-0.00987723	0.60000000	-0.00987725	0.60000000	-0.00987724	0.60000000	-0.00748066	0.60000000	-0.00987724	0.60000000	-0.00987723	0.60000000	-0.00987724	0.60000000	-0.00782871	0.60000000	-0.00727207	0.60000000	-0.00987724
