Mo_200Sb_25Se_1 2026-07-09 10-35-34		Mo_200Sb_25Se_2 2026-07-09 10-37-35		Mo_200Sb_25Se_3 2026-07-09 10-39-51		Mo_200Sb_25Se_4 2026-07-09 10-41-36		Mo_200Sb_25Se_5 2026-07-09 10-43-16		Mo_200Sb_25Se_6 2026-07-09 10-44-50		Mo_200Sb_25Se_7 2026-07-09 10-46-49		Mo_200Sb_25Se_9 2026-07-09 10-48-24		Mo_200Sb_25Se_10 2026-07-09 10-49-56		Mo_200Sb_25Se_11 2026-07-09 10-51-10		Mo_200Sb_25Se_12 2026-07-09 10-52-29		Mo_200Sb_25Se_13 2026-07-09 10-54-24		Mo_200Sb_25Se_14 2026-07-09 10-55-42	
Vmeas	Imeas	Vmeas	Imeas	Vmeas	Imeas	Vmeas	Imeas	Vmeas	Imeas	Vmeas	Imeas	Vmeas	Imeas	Vmeas	Imeas	Vmeas	Imeas	Vmeas	Imeas	Vmeas	Imeas	Vmeas	Imeas	Vmeas	Imeas
-0.10000000	0.00265354	-0.10000000	0.00091221	-0.10000000	0.00239001	-0.10000000	0.00181785	-0.10000000	0.00195970	-0.10000000	0.00184046	-0.10000000	0.00302631	-0.10000000	0.00193247	-0.10000000	0.00170852	-0.10000000	0.00180077	-0.10000000	0.00195802	-0.10000000	0.00081679	-0.10000000	0.00218869
-0.09530000	0.00264696	-0.09530000	0.00091072	-0.09530000	0.00237877	-0.09530000	0.00181760	-0.09530000	0.00196013	-0.09530000	0.00181748	-0.09530000	0.00294368	-0.09530000	0.00189468	-0.09530000	0.00170186	-0.09530000	0.00178168	-0.09530000	0.00195888	-0.09530000	0.00081654	-0.09530000	0.00217699
-0.09060000	0.00263937	-0.09060000	0.00091151	-0.09060000	0.00236815	-0.09060000	0.00181845	-0.09060000	0.00196158	-0.09060000	0.00179367	-0.09060000	0.00286126	-0.09060000	0.00185655	-0.09060000	0.00169477	-0.09060000	0.00176193	-0.09060000	0.00195817	-0.09060000	0.00081545	-0.09060000	0.00216707
-0.08590000	0.00263229	-0.08590000	0.00091090	-0.08590000	0.00235243	-0.08590000	0.00181778	-0.08590000	0.00196229	-0.08590000	0.00176957	-0.08590000	0.00277857	-0.08590000	0.00181830	-0.08590000	0.00168743	-0.08590000	0.00174225	-0.08590000	0.00195686	-0.08590000	0.00081445	-0.08590000	0.00215592
-0.08120000	0.00262430	-0.08120000	0.00090964	-0.08120000	0.00233287	-0.08120000	0.00181466	-0.08120000	0.00195890	-0.08120000	0.00174447	-0.08120000	0.00269630	-0.08120000	0.00177891	-0.08120000	0.00167954	-0.08120000	0.00172167	-0.08120000	0.00195513	-0.08120000	0.00081333	-0.08120000	0.00214664
-0.07650000	0.00261356	-0.07650000	0.00090749	-0.07650000	0.00231240	-0.07650000	0.00180886	-0.07650000	0.00195360	-0.07650000	0.00171922	-0.07650000	0.00261431	-0.07650000	0.00174019	-0.07650000	0.00167155	-0.07650000	0.00170117	-0.07650000	0.00195311	-0.07650000	0.00081240	-0.07650000	0.00213619
-0.07180000	0.00260447	-0.07180000	0.00090575	-0.07180000	0.00228888	-0.07180000	0.00180269	-0.07180000	0.00195004	-0.07180000	0.00169309	-0.07180000	0.00253150	-0.07180000	0.00170061	-0.07180000	0.00166232	-0.07180000	0.00167958	-0.07180000	0.00195065	-0.07180000	0.00081069	-0.07180000	0.00212364
-0.06710000	0.00259460	-0.06710000	0.00090471	-0.06710000	0.00226551	-0.06710000	0.00179679	-0.06710000	0.00194378	-0.06710000	0.00166723	-0.06710000	0.00244883	-0.06710000	0.00165998	-0.06710000	0.00165510	-0.06710000	0.00165697	-0.06710000	0.00194656	-0.06710000	0.00080948	-0.06710000	0.00211171
-0.06240000	0.00258707	-0.06240000	0.00090342	-0.06240000	0.00224200	-0.06240000	0.00178827	-0.06240000	0.00193896	-0.06240000	0.00164185	-0.06240000	0.00236626	-0.06240000	0.00161985	-0.06240000	0.00164667	-0.06240000	0.00163638	-0.06240000	0.00194407	-0.06240000	0.00080892	-0.06240000	0.00209912
-0.05770000	0.00257822	-0.05770000	0.00090148	-0.05770000	0.00221745	-0.05770000	0.00178028	-0.05770000	0.00193272	-0.05770000	0.00161560	-0.05770000	0.00228376	-0.05770000	0.00157945	-0.05770000	0.00163666	-0.05770000	0.00161447	-0.05770000	0.00194024	-0.05770000	0.00080662	-0.05770000	0.00208544
-0.05300000	0.00256640	-0.05300000	0.00089889	-0.05300000	0.00218955	-0.05300000	0.00177115	-0.05300000	0.00192674	-0.05300000	0.00158858	-0.05300000	0.00220087	-0.05300000	0.00153793	-0.05300000	0.00162680	-0.05300000	0.00159154	-0.05300000	0.00193553	-0.05300000	0.00080506	-0.05300000	0.00207366
-0.04830000	0.00255605	-0.04830000	0.00089623	-0.04830000	0.00216217	-0.04830000	0.00176282	-0.04830000	0.00192184	-0.04830000	0.00156224	-0.04830000	0.00211857	-0.04830000	0.00149573	-0.04830000	0.00161761	-0.04830000	0.00156794	-0.04830000	0.00193227	-0.04830000	0.00080366	-0.04830000	0.00205984
-0.04360000	0.00254777	-0.04360000	0.00089333	-0.04360000	0.00213597	-0.04360000	0.00175380	-0.04360000	0.00191301	-0.04360000	0.00153512	-0.04360000	0.00203467	-0.04360000	0.00145356	-0.04360000	0.00160878	-0.04360000	0.00154602	-0.04360000	0.00192694	-0.04360000	0.00080211	-0.04360000	0.00204793
-0.03895000	0.00253716	-0.03895000	0.00089068	-0.03895000	0.00210743	-0.03895000	0.00174362	-0.03895000	0.00190449	-0.03895000	0.00150787	-0.03895000	0.00195242	-0.03895000	0.00141131	-0.03895000	0.00159746	-0.03895000	0.00152330	-0.03895000	0.00192376	-0.03895000	0.00080034	-0.03895000	0.00203307
-0.03425000	0.00252626	-0.03425000	0.00088796	-0.03425000	0.00207775	-0.03425000	0.00173316	-0.03425000	0.00189641	-0.03425000	0.00148106	-0.03425000	0.00186954	-0.03425000	0.00136783	-0.03425000	0.00158775	-0.03425000	0.00149946	-0.03425000	0.00191764	-0.03425000	0.00079802	-0.03425000	0.00201964
-0.02955000	0.00251448	-0.02955000	0.00088508	-0.02955000	0.00204726	-0.02955000	0.00172327	-0.02955000	0.00188852	-0.02955000	0.00145387	-0.02955000	0.00178660	-0.02955000	0.00132350	-0.02955000	0.00157623	-0.02955000	0.00147665	-0.02955000	0.00191307	-0.02955000	0.00079677	-0.02955000	0.00200636
-0.02485000	0.00250276	-0.02485000	0.00088233	-0.02485000	0.00201624	-0.02485000	0.00171169	-0.02485000	0.00187973	-0.02485000	0.00142570	-0.02485000	0.00170358	-0.02485000	0.00127987	-0.02485000	0.00156567	-0.02485000	0.00145303	-0.02485000	0.00190956	-0.02485000	0.00079504	-0.02485000	0.00198878
-0.02015000	0.00249095	-0.02015000	0.00087914	-0.02015000	0.00198677	-0.02015000	0.00170056	-0.02015000	0.00187192	-0.02015000	0.00139663	-0.02015000	0.00162054	-0.02015000	0.00123485	-0.02015000	0.00155459	-0.02015000	0.00142924	-0.02015000	0.00190317	-0.02015000	0.00079344	-0.02015000	0.00197341
-0.01545000	0.00248161	-0.01545000	0.00087573	-0.01545000	0.00195504	-0.01545000	0.00168760	-0.01545000	0.00186143	-0.01545000	0.00136824	-0.01545000	0.00153575	-0.01545000	0.00118884	-0.01545000	0.00154388	-0.01545000	0.00140454	-0.01545000	0.00189809	-0.01545000	0.00079139	-0.01545000	0.00195674
-0.01075000	0.00246605	-0.01075000	0.00087276	-0.01075000	0.00192314	-0.01075000	0.00167557	-0.01075000	0.00185154	-0.01075000	0.00133906	-0.01075000	0.00145214	-0.01075000	0.00114249	-0.01075000	0.00153222	-0.01075000	0.00137996	-0.01075000	0.00189378	-0.01075000	0.00078985	-0.01075000	0.00194189
-0.00605000	0.00245630	-0.00605000	0.00086970	-0.00605000	0.00189102	-0.00605000	0.00166451	-0.00605000	0.00184246	-0.00605000	0.00131025	-0.00605000	0.00136782	-0.00605000	0.00109506	-0.00605000	0.00151916	-0.00605000	0.00135569	-0.00605000	0.00188731	-0.00605000	0.00078764	-0.00605000	0.00192468
-0.00135000	0.00244501	-0.00135000	0.00086588	-0.00135000	0.00185800	-0.00135000	0.00165073	-0.00135000	0.00183215	-0.00135000	0.00128073	-0.00135000	0.00128345	-0.00135000	0.00104642	-0.00135000	0.00150742	-0.00135000	0.00133091	-0.00135000	0.00188107	-0.00135000	0.00078597	-0.00135000	0.00190731
0.00335000	0.00243404	0.00335000	0.00086010	0.00335000	0.00181778	0.00335000	0.00163251	0.00335000	0.00181688	0.00335000	0.00124959	0.00335000	0.00119853	0.00335000	0.00099588	0.00335000	0.00149472	0.00335000	0.00130504	0.00335000	0.00187398	0.00335000	0.00078422	0.00335000	0.00188941
0.00805000	0.00242132	0.00805000	0.00085732	0.00805000	0.00178725	0.00805000	0.00162051	0.00805000	0.00180875	0.00805000	0.00121957	0.00805000	0.00111251	0.00805000	0.00094487	0.00805000	0.00148152	0.00805000	0.00127984	0.00805000	0.00186765	0.00805000	0.00078168	0.00805000	0.00186861
0.01275000	0.00240846	0.01275000	0.00085384	0.01275000	0.00175319	0.01275000	0.00160547	0.01275000	0.00179763	0.01275000	0.00118965	0.01275000	0.00102806	0.01275000	0.00089288	0.01275000	0.00146733	0.01275000	0.00125462	0.01275000	0.00186162	0.01275000	0.00077938	0.01275000	0.00185132
0.01745000	0.00239507	0.01745000	0.00085043	0.01745000	0.00171713	0.01745000	0.00159185	0.01745000	0.00178754	0.01745000	0.00115834	0.01745000	0.00094374	0.01745000	0.00083785	0.01745000	0.00145253	0.01745000	0.00122926	0.01745000	0.00185462	0.01745000	0.00077684	0.01745000	0.00183137
0.02215000	0.00238194	0.02215000	0.00084638	0.02215000	0.00168242	0.02215000	0.00157674	0.02215000	0.00177593	0.02215000	0.00112676	0.02215000	0.00085847	0.02215000	0.00078152	0.02215000	0.00143924	0.02215000	0.00120253	0.02215000	0.00184757	0.02215000	0.00077459	0.02215000	0.00181293
0.02685000	0.00236896	0.02685000	0.00084199	0.02685000	0.00164609	0.02685000	0.00156110	0.02685000	0.00176292	0.02685000	0.00109506	0.02685000	0.00077264	0.02685000	0.00072469	0.02685000	0.00142524	0.02685000	0.00117626	0.02685000	0.00184077	0.02685000	0.00077263	0.02685000	0.00179303
0.03155000	0.00235640	0.03155000	0.00083775	0.03155000	0.00161077	0.03155000	0.00154479	0.03155000	0.00175156	0.03155000	0.00106371	0.03155000	0.00068750	0.03155000	0.00066535	0.03155000	0.00141004	0.03155000	0.00115149	0.03155000	0.00183427	0.03155000	0.00077048	0.03155000	0.00177186
0.03625000	0.00234046	0.03625000	0.00083366	0.03625000	0.00157166	0.03625000	0.00152817	0.03625000	0.00173932	0.03625000	0.00102965	0.03625000	0.00060198	0.03625000	0.00060339	0.03625000	0.00139471	0.03625000	0.00112402	0.03625000	0.00182654	0.03625000	0.00076794	0.03625000	0.00175089
0.04095000	0.00232508	0.04095000	0.00082917	0.04095000	0.00153305	0.04095000	0.00151088	0.04095000	0.00172595	0.04095000	0.00099740	0.04095000	0.00051639	0.04095000	0.00053970	0.04095000	0.00137917	0.04095000	0.00109726	0.04095000	0.00181879	0.04095000	0.00076554	0.04095000	0.00172947
0.04565000	0.00231065	0.04565000	0.00082474	0.04565000	0.00149323	0.04565000	0.00149375	0.04565000	0.00171297	0.04565000	0.00096396	0.04565000	0.00042990	0.04565000	0.00047493	0.04565000	0.00136188	0.04565000	0.00106978	0.04565000	0.00180937	0.04565000	0.00076378	0.04565000	0.00170722
0.05035000	0.00229373	0.05035000	0.00082012	0.05035000	0.00145352	0.05035000	0.00147440	0.05035000	0.00169842	0.05035000	0.00092970	0.05035000	0.00034424	0.05035000	0.00040674	0.05035000	0.00134364	0.05035000	0.00104202	0.05035000	0.00179944	0.05035000	0.00076154	0.05035000	0.00168295
0.05505000	0.00228083	0.05505000	0.00081556	0.05505000	0.00141218	0.05505000	0.00145503	0.05505000	0.00168424	0.05505000	0.00089491	0.05505000	0.00025875	0.05505000	0.00033556	0.05505000	0.00132652	0.05505000	0.00101443	0.05505000	0.00179047	0.05505000	0.00075915	0.05505000	0.00165790
0.05975000	0.00226624	0.05975000	0.00081090	0.05975000	0.00137046	0.05975000	0.00143655	0.05975000	0.00166845	0.05975000	0.00085963	0.05975000	0.00017272	0.05975000	0.00026218	0.05975000	0.00130912	0.05975000	0.00098602	0.05975000	0.00178280	0.05975000	0.00075726	0.05975000	0.00163228
0.06445000	0.00224879	0.06445000	0.00080601	0.06445000	0.00132809	0.06445000	0.00141581	0.06445000	0.00165288	0.06445000	0.00082305	0.06445000	0.00008682	0.06445000	0.00018523	0.06445000	0.00129099	0.06445000	0.00095730	0.06445000	0.00177408	0.06445000	0.00075465	0.06445000	0.00160679
0.06915000	0.00223424	0.06915000	0.00080082	0.06915000	0.00128541	0.06915000	0.00139683	0.06915000	0.00163779	0.06915000	0.00078761	0.06915000	-0.00000121	0.06915000	0.00010489	0.06915000	0.00127189	0.06915000	0.00092746	0.06915000	0.00176391	0.06915000	0.00075224	0.06915000	0.00157998
0.07385000	0.00221723	0.07385000	0.00079481	0.07385000	0.00124018	0.07385000	0.00137483	0.07385000	0.00162135	0.07385000	0.00075044	0.07385000	-0.00008745	0.07385000	0.00002169	0.07385000	0.00125084	0.07385000	0.00089785	0.07385000	0.00175240	0.07385000	0.00075004	0.07385000	0.00155303
0.07850000	0.00219980	0.07850000	0.00078977	0.07850000	0.00119604	0.07850000	0.00135294	0.07850000	0.00160477	0.07850000	0.00071255	0.07850000	-0.00017509	0.07850000	-0.00006511	0.07850000	0.00123226	0.07850000	0.00086872	0.07850000	0.00174078	0.07850000	0.00074673	0.07850000	0.00152421
0.08320000	0.00218248	0.08320000	0.00078424	0.08320000	0.00114837	0.08320000	0.00132959	0.08320000	0.00158631	0.08320000	0.00067579	0.08320000	-0.00026254	0.08320000	-0.00015721	0.08320000	0.00121006	0.08320000	0.00083868	0.08320000	0.00173135	0.08320000	0.00074303	0.08320000	0.00149346
0.08790000	0.00216450	0.08790000	0.00077803	0.08790000	0.00110141	0.08790000	0.00130791	0.08790000	0.00156818	0.08790000	0.00063774	0.08790000	-0.00035027	0.08790000	-0.00025060	0.08790000	0.00118853	0.08790000	0.00080828	0.08790000	0.00172117	0.08790000	0.00074055	0.08790000	0.00146315
0.09260000	0.00214494	0.09260000	0.00077230	0.09260000	0.00105371	0.09260000	0.00128504	0.09260000	0.00155088	0.09260000	0.00059921	0.09260000	-0.00044023	0.09260000	-0.00034931	0.09260000	0.00116626	0.09260000	0.00077711	0.09260000	0.00170852	0.09260000	0.00073772	0.09260000	0.00143298
0.09730000	0.00212668	0.09730000	0.00076594	0.09730000	0.00100497	0.09730000	0.00126018	0.09730000	0.00153214	0.09730000	0.00055922	0.09730000	-0.00052673	0.09730000	-0.00045167	0.09730000	0.00114227	0.09730000	0.00074546	0.09730000	0.00169706	0.09730000	0.00073500	0.09730000	0.00140184
0.10200000	0.00210729	0.10200000	0.00075887	0.10200000	0.00094996	0.10200000	0.00123471	0.10200000	0.00151325	0.10200000	0.00051915	0.10200000	-0.00061486	0.10200000	-0.00055738	0.10200000	0.00112030	0.10200000	0.00071348	0.10200000	0.00168480	0.10200000	0.00073188	0.10200000	0.00136908
0.10670000	0.00208694	0.10670000	0.00075225	0.10670000	0.00089940	0.10670000	0.00121013	0.10670000	0.00149329	0.10670000	0.00047839	0.10670000	-0.00070345	0.10670000	-0.00066788	0.10670000	0.00109530	0.10670000	0.00068163	0.10670000	0.00167209	0.10670000	0.00072843	0.10670000	0.00133653
0.11140000	0.00206576	0.11140000	0.00074518	0.11140000	0.00084640	0.11140000	0.00118454	0.11140000	0.00147233	0.11140000	0.00043695	0.11140000	-0.00079196	0.11140000	-0.00078269	0.11140000	0.00106939	0.11140000	0.00064862	0.11140000	0.00165755	0.11140000	0.00072510	0.11140000	0.00130123
0.11610000	0.00204555	0.11610000	0.00073832	0.11610000	0.00079256	0.11610000	0.00115840	0.11610000	0.00145116	0.11610000	0.00039423	0.11610000	-0.00088177	0.11610000	-0.00090139	0.11610000	0.00104376	0.11610000	0.00061504	0.11610000	0.00164448	0.11610000	0.00072188	0.11610000	0.00126723
0.12080000	0.00202441	0.12080000	0.00073131	0.12080000	0.00073705	0.12080000	0.00112986	0.12080000	0.00142968	0.12080000	0.00035097	0.12080000	-0.00097126	0.12080000	-0.00102420	0.12080000	0.00101695	0.12080000	0.00058105	0.12080000	0.00163070	0.12080000	0.00071814	0.12080000	0.00123076
0.12550000	0.00200141	0.12550000	0.00072305	0.12550000	0.00067948	0.12550000	0.00110180	0.12550000	0.00140815	0.12550000	0.00030775	0.12550000	-0.00106157	0.12550000	-0.00115452	0.12550000	0.00099001	0.12550000	0.00054590	0.12550000	0.00161612	0.12550000	0.00071415	0.12550000	0.00119361
0.13020000	0.00197790	0.13020000	0.00071578	0.13020000	0.00062075	0.13020000	0.00107414	0.13020000	0.00138514	0.13020000	0.00026364	0.13020000	-0.00115108	0.13020000	-0.00128714	0.13020000	0.00096105	0.13020000	0.00051057	0.13020000	0.00160070	0.13020000	0.00071112	0.13020000	0.00115506
0.13490000	0.00195526	0.13490000	0.00070794	0.13490000	0.00056070	0.13490000	0.00104573	0.13490000	0.00136269	0.13490000	0.00021881	0.13490000	-0.00124211	0.13490000	-0.00142484	0.13490000	0.00093055	0.13490000	0.00047452	0.13490000	0.00158482	0.13490000	0.00070720	0.13490000	0.00111574
0.13960000	0.00193068	0.13960000	0.00069928	0.13960000	0.00049876	0.13960000	0.00101539	0.13960000	0.00133912	0.13960000	0.00017371	0.13960000	-0.00133311	0.13960000	-0.00156790	0.13960000	0.00090015	0.13960000	0.00043765	0.13960000	0.00156885	0.13960000	0.00070320	0.13960000	0.00107459
0.14430000	0.00190677	0.14430000	0.00069120	0.14430000	0.00043450	0.14430000	0.00098220	0.14430000	0.00131555	0.14430000	0.00012767	0.14430000	-0.00142424	0.14430000	-0.00171553	0.14430000	0.00086966	0.14430000	0.00040012	0.14430000	0.00155155	0.14430000	0.00069914	0.14430000	0.00103425
0.14900000	0.00188006	0.14900000	0.00068289	0.14900000	0.00036956	0.14900000	0.00095256	0.14900000	0.00128972	0.14900000	0.00007967	0.14900000	-0.00151570	0.14900000	-0.00186944	0.14900000	0.00083682	0.14900000	0.00036205	0.14900000	0.00153316	0.14900000	0.00069468	0.14900000	0.00099448
0.15370000	0.00185367	0.15370000	0.00067372	0.15370000	0.00030204	0.15370000	0.00092192	0.15370000	0.00126242	0.15370000	0.00003148	0.15370000	-0.00160710	0.15370000	-0.00202800	0.15370000	0.00080343	0.15370000	0.00032370	0.15370000	0.00151554	0.15370000	0.00069024	0.15370000	0.00095117
0.15840000	0.00182689	0.15840000	0.00066430	0.15840000	0.00023207	0.15840000	0.00089038	0.15840000	0.00123592	0.15840000	-0.00001746	0.15840000	-0.00169866	0.15840000	-0.00219147	0.15840000	0.00076927	0.15840000	0.00028476	0.15840000	0.00149499	0.15840000	0.00068555	0.15840000	0.00090600
0.16310000	0.00179933	0.16310000	0.00065463	0.16310000	0.00016174	0.16310000	0.00085809	0.16310000	0.00120991	0.16310000	-0.00006708	0.16310000	-0.00179058	0.16310000	-0.00236140	0.16310000	0.00073291	0.16310000	0.00024455	0.16310000	0.00147506	0.16310000	0.00068079	0.16310000	0.00086110
0.16780000	0.00177082	0.16780000	0.00064482	0.16780000	0.00008594	0.16780000	0.00082417	0.16780000	0.00118249	0.16780000	-0.00011815	0.16780000	-0.00188275	0.16780000	-0.00253567	0.16780000	0.00069648	0.16780000	0.00020349	0.16780000	0.00145467	0.16780000	0.00067581	0.16780000	0.00081647
0.17250000	0.00174044	0.17250000	0.00063489	0.17250000	0.00001193	0.17250000	0.00079167	0.17250000	0.00115405	0.17250000	-0.00016944	0.17250000	-0.00197589	0.17250000	-0.00271628	0.17250000	0.00065865	0.17250000	0.00016204	0.17250000	0.00143319	0.17250000	0.00067108	0.17250000	0.00076955
0.17720000	0.00170922	0.17720000	0.00062451	0.17720000	-0.00006481	0.17720000	0.00075664	0.17720000	0.00112381	0.17720000	-0.00022124	0.17720000	-0.00206945	0.17720000	-0.00290424	0.17720000	0.00061978	0.17720000	0.00011931	0.17720000	0.00141068	0.17720000	0.00066522	0.17720000	0.00071965
0.18190000	0.00167798	0.18190000	0.00061359	0.18190000	-0.00014810	0.18190000	0.00072223	0.18190000	0.00109399	0.18190000	-0.00027480	0.18190000	-0.00216362	0.18190000	-0.00309722	0.18190000	0.00057986	0.18190000	0.00007580	0.18190000	0.00138753	0.18190000	0.00066001	0.18190000	0.00067044
0.18660000	0.00164453	0.18660000	0.00060256	0.18660000	-0.00022898	0.18660000	0.00068607	0.18660000	0.00106220	0.18660000	-0.00032877	0.18660000	-0.00225838	0.18660000	-0.00329675	0.18660000	0.00054010	0.18660000	0.00003084	0.18660000	0.00136364	0.18660000	0.00065499	0.18660000	0.00061912
0.19130000	0.00161081	0.19130000	0.00059102	0.19130000	-0.00031306	0.19130000	0.00064983	0.19130000	0.00103065	0.19130000	-0.00038270	0.19130000	-0.00235275	0.19130000	-0.00350366	0.19130000	0.00049593	0.19130000	-0.00001542	0.19130000	0.00134008	0.19130000	0.00064871	0.19130000	0.00056872
0.19595000	0.00157552	0.19595000	0.00057918	0.19595000	-0.00039821	0.19595000	0.00061377	0.19595000	0.00099616	0.19595000	-0.00043830	0.19595000	-0.00244646	0.19595000	-0.00371411	0.19595000	0.00045205	0.19595000	-0.00006110	0.19595000	0.00131456	0.19595000	0.00064186	0.19595000	0.00051877
0.20065000	0.00153908	0.20065000	0.00056720	0.20065000	-0.00048802	0.20065000	0.00057682	0.20065000	0.00096331	0.20065000	-0.00049446	0.20065000	-0.00254282	0.20065000	-0.00393498	0.20065000	0.00040821	0.20065000	-0.00010858	0.20065000	0.00128912	0.20065000	0.00063511	0.20065000	0.00046384
0.20535000	0.00150206	0.20535000	0.00055459	0.20535000	-0.00058028	0.20535000	0.00053764	0.20535000	0.00092979	0.20535000	-0.00055180	0.20535000	-0.00264023	0.20535000	-0.00416295	0.20535000	0.00036141	0.20535000	-0.00015715	0.20535000	0.00126219	0.20535000	0.00062817	0.20535000	0.00040993
0.21005000	0.00146328	0.21005000	0.00054146	0.21005000	-0.00067473	0.21005000	0.00049944	0.21005000	0.00089470	0.21005000	-0.00061077	0.21005000	-0.00273700	0.21005000	-0.00440192	0.21005000	0.00031324	0.21005000	-0.00020690	0.21005000	0.00123361	0.21005000	0.00062074	0.21005000	0.00035375
0.21475000	0.00142363	0.21475000	0.00052837	0.21475000	-0.00077214	0.21475000	0.00046000	0.21475000	0.00085936	0.21475000	-0.00066986	0.21475000	-0.00283530	0.21475000	-0.00464602	0.21475000	0.00026382	0.21475000	-0.00025822	0.21475000	0.00120305	0.21475000	0.00061325	0.21475000	0.00029620
0.21945000	0.00138252	0.21945000	0.00051489	0.21945000	-0.00087383	0.21945000	0.00042007	0.21945000	0.00082253	0.21945000	-0.00073040	0.21945000	-0.00293321	0.21945000	-0.00489786	0.21945000	0.00021226	0.21945000	-0.00031057	0.21945000	0.00117232	0.21945000	0.00060561	0.21945000	0.00023908
0.22415000	0.00133910	0.22415000	0.00050040	0.22415000	-0.00097770	0.22415000	0.00037871	0.22415000	0.00078521	0.22415000	-0.00079264	0.22415000	-0.00303348	0.22415000	-0.00515786	0.22415000	0.00016036	0.22415000	-0.00036321	0.22415000	0.00114058	0.22415000	0.00059700	0.22415000	0.00018038
0.22885000	0.00129359	0.22885000	0.00048522	0.22885000	-0.00108348	0.22885000	0.00033628	0.22885000	0.00074515	0.22885000	-0.00085423	0.22885000	-0.00313411	0.22885000	-0.00542705	0.22885000	0.00010735	0.22885000	-0.00041827	0.22885000	0.00110800	0.22885000	0.00058777	0.22885000	0.00012127
0.23355000	0.00124659	0.23355000	0.00047056	0.23355000	-0.00119299	0.23355000	0.00029406	0.23355000	0.00070498	0.23355000	-0.00091795	0.23355000	-0.00323523	0.23355000	-0.00570541	0.23355000	0.00005086	0.23355000	-0.00047533	0.23355000	0.00107269	0.23355000	0.00057779	0.23355000	0.00006063
0.23825000	0.00120073	0.23825000	0.00045458	0.23825000	-0.00130686	0.23825000	0.00025172	0.23825000	0.00066500	0.23825000	-0.00098354	0.23825000	-0.00333778	0.23825000	-0.00599360	0.23825000	-0.00000750	0.23825000	-0.00053222	0.23825000	0.00103693	0.23825000	0.00056717	0.23825000	-0.00000245
0.24295000	0.00115319	0.24295000	0.00043832	0.24295000	-0.00142424	0.24295000	0.00020820	0.24295000	0.00062375	0.24295000	-0.00104988	0.24295000	-0.00344142	0.24295000	-0.00629151	0.24295000	-0.00006435	0.24295000	-0.00059177	0.24295000	0.00099824	0.24295000	0.00055580	0.24295000	-0.00006455
0.24765000	0.00110344	0.24765000	0.00042236	0.24765000	-0.00154560	0.24765000	0.00016404	0.24765000	0.00058191	0.24765000	-0.00111542	0.24765000	-0.00354646	0.24765000	-0.00660011	0.24765000	-0.00012557	0.24765000	-0.00065266	0.24765000	0.00095957	0.24765000	0.00054451	0.24765000	-0.00013137
0.25235000	0.00105134	0.25235000	0.00040486	0.25235000	-0.00166914	0.25235000	0.00011961	0.25235000	0.00053874	0.25235000	-0.00118401	0.25235000	-0.00365141	0.25235000	-0.00692055	0.25235000	-0.00019008	0.25235000	-0.00071413	0.25235000	0.00091879	0.25235000	0.00053184	0.25235000	-0.00019981
0.25705000	0.00099718	0.25705000	0.00038691	0.25705000	-0.00179734	0.25705000	0.00007126	0.25705000	0.00049420	0.25705000	-0.00125373	0.25705000	-0.00375804	0.25705000	-0.00725168	0.25705000	-0.00025670	0.25705000	-0.00077778	0.25705000	0.00087782	0.25705000	0.00051852	0.25705000	-0.00026880
0.26175000	0.00094210	0.26175000	0.00036839	0.26175000	-0.00193041	0.26175000	0.00002473	0.26175000	0.00044835	0.26175000	-0.00132439	0.26175000	-0.00386543	0.26175000	-0.00759527	0.26175000	-0.00032495	0.26175000	-0.00084385	0.26175000	0.00083444	0.26175000	0.00050336	0.26175000	-0.00034015
0.26645000	0.00088468	0.26645000	0.00034907	0.26645000	-0.00206710	0.26645000	-0.00002253	0.26645000	0.00040136	0.26645000	-0.00139636	0.26645000	-0.00397473	0.26645000	-0.00795431	0.26645000	-0.00039652	0.26645000	-0.00091062	0.26645000	0.00079022	0.26645000	0.00048712	0.26645000	-0.00041283
0.27115000	0.00082638	0.27115000	0.00032954	0.27115000	-0.00220858	0.27115000	-0.00007050	0.27115000	0.00035405	0.27115000	-0.00146966	0.27115000	-0.00408589	0.27115000	-0.00832981	0.27115000	-0.00047101	0.27115000	-0.00097934	0.27115000	0.00074332	0.27115000	0.00047047	0.27115000	-0.00048653
0.27585000	0.00076591	0.27585000	0.00030942	0.27585000	-0.00235349	0.27585000	-0.00012345	0.27585000	0.00030458	0.27585000	-0.00154425	0.27585000	-0.00419745	0.27585000	-0.00871715	0.27585000	-0.00054852	0.27585000	-0.00105092	0.27585000	0.00069591	0.27585000	0.00045121	0.27585000	-0.00056270
0.28055000	0.00070420	0.28055000	0.00028819	0.28055000	-0.00250362	0.28055000	-0.00017186	0.28055000	0.00025498	0.28055000	-0.00162073	0.28055000	-0.00430988	0.28055000	-0.00912383	0.28055000	-0.00062851	0.28055000	-0.00112343	0.28055000	0.00064707	0.28055000	0.00043093	0.28055000	-0.00063927
0.28525000	0.00063885	0.28525000	0.00026647	0.28525000	-0.00265805	0.28525000	-0.00022222	0.28525000	0.00020365	0.28525000	-0.00169838	0.28525000	-0.00442478	0.28525000	-0.00955056	0.28525000	-0.00071246	0.28525000	-0.00119806	0.28525000	0.00059417	0.28525000	0.00040895	0.28525000	-0.00071882
0.28995000	0.00057206	0.28995000	0.00024395	0.28995000	-0.00281752	0.28995000	-0.00027312	0.28995000	0.00015069	0.28995000	-0.00177758	0.28995000	-0.00454232	0.28995000	-0.00999566	0.28995000	-0.00079959	0.28995000	-0.00127399	0.28995000	0.00054183	0.28995000	0.00038548	0.28995000	-0.00080044
0.29465000	0.00050183	0.29465000	0.00022073	0.29465000	-0.00298130	0.29465000	-0.00032539	0.29465000	0.00009572	0.29465000	-0.00185849	0.29465000	-0.00466174	0.29465000	-0.00999992	0.29465000	-0.00088864	0.29465000	-0.00135238	0.29465000	0.00048632	0.29465000	0.00035978	0.29465000	-0.00088552
0.29935000	0.00043031	0.29935000	0.00019683	0.29935000	-0.00314969	0.29935000	-0.00037835	0.29935000	0.00004083	0.29935000	-0.00194110	0.29935000	-0.00478095	0.29935000	-0.00999991	0.29935000	-0.00098167	0.29935000	-0.00143349	0.29935000	0.00042884	0.29935000	0.00033109	0.29935000	-0.00097181
0.30405000	0.00035661	0.30405000	0.00017167	0.30405000	-0.00332344	0.30405000	-0.00043284	0.30405000	-0.00001544	0.30405000	-0.00202522	0.30405000	-0.00490212	0.30405000	-0.00999992	0.30405000	-0.00107625	0.30405000	-0.00151694	0.30405000	0.00036979	0.30405000	0.00030096	0.30405000	-0.00105795
0.30870000	0.00028224	0.30870000	0.00014585	0.30870000	-0.00350030	0.30870000	-0.00048731	0.30870000	-0.00007284	0.30870000	-0.00210920	0.30870000	-0.00502411	0.30870000	-0.00999991	0.30870000	-0.00117495	0.30870000	-0.00160123	0.30870000	0.00030977	0.30870000	0.00026830	0.30870000	-0.00114733
0.31340000	0.00020464	0.31340000	0.00011882	0.31340000	-0.00368521	0.31340000	-0.00054373	0.31340000	-0.00013341	0.31340000	-0.00219624	0.31340000	-0.00515043	0.31340000	-0.00999990	0.31340000	-0.00127873	0.31340000	-0.00168894	0.31340000	0.00024660	0.31340000	0.00023281	0.31340000	-0.00123932
0.31810000	0.00012307	0.31810000	0.00008995	0.31810000	-0.00387629	0.31810000	-0.00060091	0.31810000	-0.00019412	0.31810000	-0.00228578	0.31810000	-0.00527876	0.31810000	-0.00999990	0.31810000	-0.00138554	0.31810000	-0.00177962	0.31810000	0.00018226	0.31810000	0.00019412	0.31810000	-0.00133487
0.32280000	0.00004014	0.32280000	0.00006194	0.32280000	-0.00407301	0.32280000	-0.00065957	0.32280000	-0.00025529	0.32280000	-0.00237607	0.32280000	-0.00540924	0.32280000	-0.00999990	0.32280000	-0.00149664	0.32280000	-0.00187173	0.32280000	0.00011596	0.32280000	0.00015239	0.32280000	-0.00143270
0.32750000	-0.00004574	0.32750000	0.00003175	0.32750000	-0.00427745	0.32750000	-0.00071920	0.32750000	-0.00031900	0.32750000	-0.00246913	0.32750000	-0.00554022	0.32750000	-0.00999991	0.32750000	-0.00161063	0.32750000	-0.00196758	0.32750000	0.00004613	0.32750000	0.00010755	0.32750000	-0.00153362
0.33220000	-0.00013420	0.33220000	0.00000078	0.33220000	-0.00448853	0.33220000	-0.00078013	0.33220000	-0.00038457	0.33220000	-0.00256346	0.33220000	-0.00566847	0.33220000	-0.00999990	0.33220000	-0.00172870	0.33220000	-0.00206582	0.33220000	-0.00002558	0.33220000	0.00005855	0.33220000	-0.00163716
0.33690000	-0.00022584	0.33690000	-0.00003144	0.33690000	-0.00470660	0.33690000	-0.00084239	0.33690000	-0.00045031	0.33690000	-0.00266091	0.33690000	-0.00580443	0.33690000	-0.00999992	0.33690000	-0.00185054	0.33690000	-0.00216693	0.33690000	-0.00009965	0.33690000	0.00000572	0.33690000	-0.00174259
0.34160000	-0.00032018	0.34160000	-0.00006368	0.34160000	-0.00493162	0.34160000	-0.00090630	0.34160000	-0.00051886	0.34160000	-0.00275953	0.34160000	-0.00594402	0.34160000	-0.00999991	0.34160000	-0.00197521	0.34160000	-0.00227103	0.34160000	-0.00017494	0.34160000	-0.00005175	0.34160000	-0.00185202
0.34630000	-0.00041856	0.34630000	-0.00009717	0.34630000	-0.00516004	0.34630000	-0.00097132	0.34630000	-0.00058908	0.34630000	-0.00286076	0.34630000	-0.00608842	0.34630000	-0.00999991	0.34630000	-0.00210409	0.34630000	-0.00237760	0.34630000	-0.00025271	0.34630000	-0.00011316	0.34630000	-0.00196441
0.35100000	-0.00051939	0.35100000	-0.00013182	0.35100000	-0.00539473	0.35100000	-0.00103729	0.35100000	-0.00066010	0.35100000	-0.00296409	0.35100000	-0.00623380	0.35100000	-0.00999992	0.35100000	-0.00223694	0.35100000	-0.00248667	0.35100000	-0.00033211	0.35100000	-0.00017646	0.35100000	-0.00207970
0.35570000	-0.00062335	0.35570000	-0.00016765	0.35570000	-0.00563928	0.35570000	-0.00110457	0.35570000	-0.00073357	0.35570000	-0.00306991	0.35570000	-0.00638315	0.35570000	-0.00999991	0.35570000	-0.00237361	0.35570000	-0.00259954	0.35570000	-0.00041417	0.35570000	-0.00024320	0.35570000	-0.00219795
0.36040000	-0.00073178	0.36040000	-0.00020477	0.36040000	-0.00589194	0.36040000	-0.00117336	0.36040000	-0.00080895	0.36040000	-0.00317815	0.36040000	-0.00653676	0.36040000	-0.00999991	0.36040000	-0.00251456	0.36040000	-0.00271569	0.36040000	-0.00049873	0.36040000	-0.00031471	0.36040000	-0.00231881
0.36510000	-0.00084306	0.36510000	-0.00024298	0.36510000	-0.00615375	0.36510000	-0.00124411	0.36510000	-0.00088591	0.36510000	-0.00328821	0.36510000	-0.00669432	0.36510000	-0.00999992	0.36510000	-0.00265905	0.36510000	-0.00283539	0.36510000	-0.00058568	0.36510000	-0.00039039	0.36510000	-0.00244262
0.36980000	-0.00095728	0.36980000	-0.00028290	0.36980000	-0.00642675	0.36980000	-0.00131614	0.36980000	-0.00096433	0.36980000	-0.00340080	0.36980000	-0.00685576	0.36980000	-0.00999991	0.36980000	-0.00280727	0.36980000	-0.00295673	0.36980000	-0.00067449	0.36980000	-0.00046998	0.36980000	-0.00257029
0.37450000	-0.00107487	0.37450000	-0.00032413	0.37450000	-0.00671087	0.37450000	-0.00138986	0.37450000	-0.00104510	0.37450000	-0.00351578	0.37450000	-0.00702048	0.37450000	-0.00999990	0.37450000	-0.00296000	0.37450000	-0.00308253	0.37450000	-0.00076551	0.37450000	-0.00055323	0.37450000	-0.00270083
0.37920000	-0.00119580	0.37920000	-0.00036690	0.37920000	-0.00700556	0.37920000	-0.00146490	0.37920000	-0.00112729	0.37920000	-0.00363336	0.37920000	-0.00718988	0.37920000	-0.00999991	0.37920000	-0.00311734	0.37920000	-0.00321210	0.37920000	-0.00085928	0.37920000	-0.00064131	0.37920000	-0.00283451
0.38390000	-0.00131861	0.38390000	-0.00041060	0.38390000	-0.00730545	0.38390000	-0.00154124	0.38390000	-0.00121069	0.38390000	-0.00375301	0.38390000	-0.00736352	0.38390000	-0.00999991	0.38390000	-0.00327741	0.38390000	-0.00334498	0.38390000	-0.00095465	0.38390000	-0.00073196	0.38390000	-0.00297036
0.38860000	-0.00144527	0.38860000	-0.00045609	0.38860000	-0.00762271	0.38860000	-0.00161961	0.38860000	-0.00129678	0.38860000	-0.00387570	0.38860000	-0.00754186	0.38860000	-0.00999991	0.38860000	-0.00344300	0.38860000	-0.00348214	0.38860000	-0.00105135	0.38860000	-0.00082730	0.38860000	-0.00311039
0.39330000	-0.00157631	0.39330000	-0.00050280	0.39330000	-0.00793565	0.39330000	-0.00170007	0.39330000	-0.00138514	0.39330000	-0.00400211	0.39330000	-0.00772606	0.39330000	-0.00999992	0.39330000	-0.00361332	0.39330000	-0.00362117	0.39330000	-0.00115129	0.39330000	-0.00092654	0.39330000	-0.00325394
0.39800000	-0.00171136	0.39800000	-0.00055101	0.39800000	-0.00826857	0.39800000	-0.00178192	0.39800000	-0.00147557	0.39800000	-0.00413027	0.39800000	-0.00791643	0.39800000	-0.00999991	0.39800000	-0.00378889	0.39800000	-0.00376517	0.39800000	-0.00125356	0.39800000	-0.00103038	0.39800000	-0.00340021
0.40270000	-0.00184886	0.40270000	-0.00060108	0.40270000	-0.00862167	0.40270000	-0.00186516	0.40270000	-0.00156765	0.40270000	-0.00426179	0.40270000	-0.00811224	0.40270000	-0.00999990	0.40270000	-0.00396943	0.40270000	-0.00391356	0.40270000	-0.00135844	0.40270000	-0.00113896	0.40270000	-0.00355102
0.40740000	-0.00198856	0.40740000	-0.00065273	0.40740000	-0.00900759	0.40740000	-0.00195011	0.40740000	-0.00166149	0.40740000	-0.00439544	0.40740000	-0.00831437	0.40740000	-0.00999992	0.40740000	-0.00415706	0.40740000	-0.00406415	0.40740000	-0.00146416	0.40740000	-0.00125018	0.40740000	-0.00370424
0.41210000	-0.00213174	0.41210000	-0.00070576	0.41210000	-0.00939643	0.41210000	-0.00203672	0.41210000	-0.00175727	0.41210000	-0.00453265	0.41210000	-0.00852658	0.41210000	-0.00999992	0.41210000	-0.00434924	0.41210000	-0.00422001	0.41210000	-0.00157299	0.41210000	-0.00136580	0.41210000	-0.00386132
0.41680000	-0.00227872	0.41680000	-0.00076082	0.41680000	-0.00980669	0.41680000	-0.00212547	0.41680000	-0.00185531	0.41680000	-0.00467385	0.41680000	-0.00874499	0.41680000	-0.00999991	0.41680000	-0.00454966	0.41680000	-0.00438007	0.41680000	-0.00168387	0.41680000	-0.00148622	0.41680000	-0.00402116
0.42150000	-0.00242928	0.42150000	-0.00081744	0.42150000	-0.00999991	0.42150000	-0.00221590	0.42150000	-0.00195513	0.42150000	-0.00481819	0.42150000	-0.00897236	0.42150000	-0.00999992	0.42150000	-0.00475643	0.42150000	-0.00454528	0.42150000	-0.00179695	0.42150000	-0.00161025	0.42150000	-0.00418477
0.42615000	-0.00258103	0.42615000	-0.00087541	0.42615000	-0.00999991	0.42615000	-0.00230711	0.42615000	-0.00205589	0.42615000	-0.00496391	0.42615000	-0.00920649	0.42615000	-0.00999992	0.42615000	-0.00497022	0.42615000	-0.00471339	0.42615000	-0.00190974	0.42615000	-0.00173712	0.42615000	-0.00435049
0.43085000	-0.00273814	0.43085000	-0.00093523	0.43085000	-0.00999992	0.43085000	-0.00240097	0.43085000	-0.00215954	0.43085000	-0.00511490	0.43085000	-0.00945233	0.43085000	-0.00999992	0.43085000	-0.00519423	0.43085000	-0.00488752	0.43085000	-0.00202589	0.43085000	-0.00186838	0.43085000	-0.00452161
0.43555000	-0.00289808	0.43555000	-0.00099705	0.43555000	-0.00999985	0.43555000	-0.00249644	0.43555000	-0.00226518	0.43555000	-0.00526832	0.43555000	-0.00970582	0.43555000	-0.00999992	0.43555000	-0.00542986	0.43555000	-0.00506764	0.43555000	-0.00214391	0.43555000	-0.00200410	0.43555000	-0.00469660
0.44025000	-0.00306183	0.44025000	-0.00105872	0.44025000	-0.00999990	0.44025000	-0.00259342	0.44025000	-0.00237313	0.44025000	-0.00542585	0.44025000	-0.00997347	0.44025000	-0.00999992	0.44025000	-0.00567588	0.44025000	-0.00525437	0.44025000	-0.00226386	0.44025000	-0.00214439	0.44025000	-0.00487594
0.44495000	-0.00323031	0.44495000	-0.00112398	0.44495000	-0.00999990	0.44495000	-0.00269232	0.44495000	-0.00248242	0.44495000	-0.00558714	0.44495000	-0.00999992	0.44495000	-0.00999990	0.44495000	-0.00593395	0.44495000	-0.00544610	0.44495000	-0.00238574	0.44495000	-0.00228916	0.44495000	-0.00506024
0.44965000	-0.00340072	0.44965000	-0.00119036	0.44965000	-0.00999991	0.44965000	-0.00279221	0.44965000	-0.00259338	0.44965000	-0.00575243	0.44965000	-0.00999992	0.44965000	-0.00999991	0.44965000	-0.00620709	0.44965000	-0.00564370	0.44965000	-0.00250807	0.44965000	-0.00243640	0.44965000	-0.00524696
0.45435000	-0.00357576	0.45435000	-0.00125872	0.45435000	-0.00999991	0.45435000	-0.00289455	0.45435000	-0.00270673	0.45435000	-0.00592791	0.45435000	-0.00999995	0.45435000	-0.00999991	0.45435000	-0.00650161	0.45435000	-0.00585023	0.45435000	-0.00263393	0.45435000	-0.00258927	0.45435000	-0.00544005
0.45905000	-0.00375604	0.45905000	-0.00132819	0.45905000	-0.00999991	0.45905000	-0.00299892	0.45905000	-0.00282154	0.45905000	-0.00610584	0.45905000	-0.00999990	0.45905000	-0.00999991	0.45905000	-0.00681831	0.45905000	-0.00606318	0.45905000	-0.00276287	0.45905000	-0.00274694	0.45905000	-0.00563744
0.46375000	-0.00393916	0.46375000	-0.00139945	0.46375000	-0.00999990	0.46375000	-0.00310461	0.46375000	-0.00293853	0.46375000	-0.00628940	0.46375000	-0.00999991	0.46375000	-0.00999990	0.46375000	-0.00716559	0.46375000	-0.00628703	0.46375000	-0.00289095	0.46375000	-0.00291022	0.46375000	-0.00584091
0.46845000	-0.00412493	0.46845000	-0.00147171	0.46845000	-0.00999990	0.46845000	-0.00321203	0.46845000	-0.00305774	0.46845000	-0.00647300	0.46845000	-0.00999990	0.46845000	-0.00999991	0.46845000	-0.00755295	0.46845000	-0.00652143	0.46845000	-0.00302137	0.46845000	-0.00307841	0.46845000	-0.00605032
0.47315000	-0.00431531	0.47315000	-0.00154599	0.47315000	-0.00999990	0.47315000	-0.00332178	0.47315000	-0.00317874	0.47315000	-0.00666606	0.47315000	-0.00999989	0.47315000	-0.00999991	0.47315000	-0.00799202	0.47315000	-0.00676523	0.47315000	-0.00315397	0.47315000	-0.00325309	0.47315000	-0.00626649
0.47785000	-0.00450967	0.47785000	-0.00162200	0.47785000	-0.00999991	0.47785000	-0.00343310	0.47785000	-0.00330240	0.47785000	-0.00686178	0.47785000	-0.00999989	0.47785000	-0.00999991	0.47785000	-0.00850601	0.47785000	-0.00702206	0.47785000	-0.00328764	0.47785000	-0.00343481	0.47785000	-0.00648933
0.48255000	-0.00470793	0.48255000	-0.00169867	0.48255000	-0.00999991	0.48255000	-0.00354616	0.48255000	-0.00342711	0.48255000	-0.00705881	0.48255000	-0.00999991	0.48255000	-0.00999990	0.48255000	-0.00915226	0.48255000	-0.00729274	0.48255000	-0.00342329	0.48255000	-0.00362389	0.48255000	-0.00671939
0.48725000	-0.00491354	0.48725000	-0.00177735	0.48725000	-0.00999989	0.48725000	-0.00366109	0.48725000	-0.00355422	0.48725000	-0.00726652	0.48725000	-0.00999993	0.48725000	-0.00999991	0.48725000	-0.00999941	0.48725000	-0.00757958	0.48725000	-0.00356026	0.48725000	-0.00382015	0.48725000	-0.00695834
0.49195000	-0.00512547	0.49195000	-0.00185765	0.49195000	-0.00999990	0.49195000	-0.00377795	0.49195000	-0.00368309	0.49195000	-0.00748011	0.49195000	-0.00999990	0.49195000	-0.00999990	0.49195000	-0.00999991	0.49195000	-0.00788784	0.49195000	-0.00370049	0.49195000	-0.00402223	0.49195000	-0.00720615
0.49665000	-0.00534326	0.49665000	-0.00193834	0.49665000	-0.00999991	0.49665000	-0.00389643	0.49665000	-0.00381380	0.49665000	-0.00770277	0.49665000	-0.00999990	0.49665000	-0.00999991	0.49665000	-0.00999991	0.49665000	-0.00821525	0.49665000	-0.00384175	0.49665000	-0.00423018	0.49665000	-0.00746539
0.50135000	-0.00556714	0.50135000	-0.00202089	0.50135000	-0.00999992	0.50135000	-0.00401665	0.50135000	-0.00394670	0.50135000	-0.00793281	0.50135000	-0.00999991	0.50135000	-0.00999992	0.50135000	-0.00999991	0.50135000	-0.00857491	0.50135000	-0.00398511	0.50135000	-0.00444882	0.50135000	-0.00773683
0.50605000	-0.00579773	0.50605000	-0.00210504	0.50605000	-0.00999991	0.50605000	-0.00413845	0.50605000	-0.00408135	0.50605000	-0.00817039	0.50605000	-0.00999991	0.50605000	-0.00999990	0.50605000	-0.00999992	0.50605000	-0.00896678	0.50605000	-0.00412969	0.50605000	-0.00467666	0.50605000	-0.00801922
0.51075000	-0.00603785	0.51075000	-0.00219096	0.51075000	-0.00999990	0.51075000	-0.00426236	0.51075000	-0.00421827	0.51075000	-0.00840340	0.51075000	-0.00999990	0.51075000	-0.00999990	0.51075000	-0.00999992	0.51075000	-0.00940449	0.51075000	-0.00427573	0.51075000	-0.00491412	0.51075000	-0.00831605
0.51545000	-0.00628857	0.51545000	-0.00227865	0.51545000	-0.00999990	0.51545000	-0.00438827	0.51545000	-0.00435711	0.51545000	-0.00865256	0.51545000	-0.00999990	0.51545000	-0.00999991	0.51545000	-0.00999992	0.51545000	-0.00990407	0.51545000	-0.00442381	0.51545000	-0.00516518	0.51545000	-0.00862979
0.52015000	-0.00654991	0.52015000	-0.00236770	0.52015000	-0.00999990	0.52015000	-0.00451573	0.52015000	-0.00449820	0.52015000	-0.00891572	0.52015000	-0.00999990	0.52015000	-0.00999990	0.52015000	-0.00999992	0.52015000	-0.00999991	0.52015000	-0.00457366	0.52015000	-0.00543174	0.52015000	-0.00896391
0.52485000	-0.00682087	0.52485000	-0.00245876	0.52485000	-0.00999991	0.52485000	-0.00464540	0.52485000	-0.00464140	0.52485000	-0.00919202	0.52485000	-0.00999990	0.52485000	-0.00999990	0.52485000	-0.00999992	0.52485000	-0.00999990	0.52485000	-0.00472529	0.52485000	-0.00571379	0.52485000	-0.00932087
0.52955000	-0.00710554	0.52955000	-0.00255193	0.52955000	-0.00999991	0.52955000	-0.00477666	0.52955000	-0.00478667	0.52955000	-0.00948254	0.52955000	-0.00999990	0.52955000	-0.00999990	0.52955000	-0.00999991	0.52955000	-0.00999991	0.52955000	-0.00487923	0.52955000	-0.00601559	0.52955000	-0.00970238
0.53425000	-0.00740584	0.53425000	-0.00264616	0.53425000	-0.00999991	0.53425000	-0.00491042	0.53425000	-0.00493426	0.53425000	-0.00978459	0.53425000	-0.00999991	0.53425000	-0.00999991	0.53425000	-0.00999991	0.53425000	-0.00999991	0.53425000	-0.00503565	0.53425000	-0.00632471	0.53425000	-0.00999989
0.53895000	-0.00772442	0.53895000	-0.00274209	0.53895000	-0.00999990	0.53895000	-0.00504625	0.53895000	-0.00508453	0.53895000	-0.00999992	0.53895000	-0.00999991	0.53895000	-0.00999989	0.53895000	-0.00999991	0.53895000	-0.00999991	0.53895000	-0.00519425	0.53895000	-0.00666662	0.53895000	-0.00999989
0.54360000	-0.00805859	0.54360000	-0.00283803	0.54360000	-0.00999991	0.54360000	-0.00518197	0.54360000	-0.00523403	0.54360000	-0.00999991	0.54360000	-0.00999990	0.54360000	-0.00999991	0.54360000	-0.00999992	0.54360000	-0.00999992	0.54360000	-0.00535287	0.54360000	-0.00703316	0.54360000	-0.00999992
0.54830000	-0.00842352	0.54830000	-0.00293676	0.54830000	-0.00999991	0.54830000	-0.00532194	0.54830000	-0.00538800	0.54830000	-0.00999991	0.54830000	-0.00999990	0.54830000	-0.00999990	0.54830000	-0.00999991	0.54830000	-0.00999992	0.54830000	-0.00551652	0.54830000	-0.00743397	0.54830000	-0.00999992
0.55300000	-0.00882526	0.55300000	-0.00303648	0.55300000	-0.00999991	0.55300000	-0.00546358	0.55300000	-0.00554456	0.55300000	-0.00999989	0.55300000	-0.00999992	0.55300000	-0.00999990	0.55300000	-0.00999992	0.55300000	-0.00999991	0.55300000	-0.00568270	0.55300000	-0.00787264	0.55300000	-0.00999991
0.55770000	-0.00926927	0.55770000	-0.00313759	0.55770000	-0.00999991	0.55770000	-0.00560815	0.55770000	-0.00570388	0.55770000	-0.00999991	0.55770000	-0.00999989	0.55770000	-0.00999991	0.55770000	-0.00999991	0.55770000	-0.00999991	0.55770000	-0.00585031	0.55770000	-0.00836580	0.55770000	-0.00999991
0.56240000	-0.00977168	0.56240000	-0.00323984	0.56240000	-0.00999991	0.56240000	-0.00575493	0.56240000	-0.00586537	0.56240000	-0.00999992	0.56240000	-0.00999992	0.56240000	-0.00999990	0.56240000	-0.00999991	0.56240000	-0.00999992	0.56240000	-0.00602055	0.56240000	-0.00892355	0.56240000	-0.00999989
0.56710000	-0.00999991	0.56710000	-0.00334377	0.56710000	-0.00999990	0.56710000	-0.00590386	0.56710000	-0.00602963	0.56710000	-0.00999989	0.56710000	-0.00999992	0.56710000	-0.00999989	0.56710000	-0.00999991	0.56710000	-0.00999991	0.56710000	-0.00619349	0.56710000	-0.00957679	0.56710000	-0.00999991
0.57180000	-0.00999991	0.57180000	-0.00344993	0.57180000	-0.00999990	0.57180000	-0.00605666	0.57180000	-0.00619633	0.57180000	-0.00999990	0.57180000	-0.00999991	0.57180000	-0.00999990	0.57180000	-0.00999990	0.57180000	-0.00999991	0.57180000	-0.00637004	0.57180000	-0.00999990	0.57180000	-0.00999992
0.57650000	-0.00999990	0.57650000	-0.00355753	0.57650000	-0.00999991	0.57650000	-0.00620999	0.57650000	-0.00636629	0.57650000	-0.00999990	0.57650000	-0.00999991	0.57650000	-0.00999990	0.57650000	-0.00999990	0.57650000	-0.00999992	0.57650000	-0.00654954	0.57650000	-0.00999995	0.57650000	-0.00999990
0.58120000	-0.00999991	0.58120000	-0.00366687	0.58120000	-0.00999990	0.58120000	-0.00636649	0.58120000	-0.00653967	0.58120000	-0.00999991	0.58120000	-0.00999990	0.58120000	-0.00999990	0.58120000	-0.00999991	0.58120000	-0.00999992	0.58120000	-0.00673209	0.58120000	-0.00999994	0.58120000	-0.00999992
0.58590000	-0.00999990	0.58590000	-0.00377907	0.58590000	-0.00999990	0.58590000	-0.00652547	0.58590000	-0.00671613	0.58590000	-0.00999991	0.58590000	-0.00999990	0.58590000	-0.00999990	0.58590000	-0.00999991	0.58590000	-0.00999991	0.58590000	-0.00691921	0.58590000	-0.00999992	0.58590000	-0.00999990
0.59060000	-0.00999989	0.59060000	-0.00389242	0.59060000	-0.00999990	0.59060000	-0.00668885	0.59060000	-0.00689580	0.59060000	-0.00999991	0.59060000	-0.00999990	0.59060000	-0.00999989	0.59060000	-0.00999991	0.59060000	-0.00999991	0.59060000	-0.00711029	0.59060000	-0.00999993	0.59060000	-0.00999990
0.59530000	-0.00999990	0.59530000	-0.00400761	0.59530000	-0.00999991	0.59530000	-0.00685308	0.59530000	-0.00707984	0.59530000	-0.00999990	0.59530000	-0.00999991	0.59530000	-0.00999990	0.59530000	-0.00999991	0.59530000	-0.00999992	0.59530000	-0.00730522	0.59530000	-0.00999991	0.59530000	-0.00999991
0.60000000	-0.00999990	0.60000000	-0.00412444	0.60000000	-0.00999991	0.60000000	-0.00702051	0.60000000	-0.00726861	0.60000000	-0.00999990	0.60000000	-0.00999991	0.60000000	-0.00999990	0.60000000	-0.00999991	0.60000000	-0.00999992	0.60000000	-0.00750376	0.60000000	-0.00999992	0.60000000	-0.00999991
