Mo_300Sb_35Se_2 2026-07-09 11-07-31		Mo_300Sb_35Se_3 2026-07-09 11-09-22		Mo_300Sb_35Se_4 2026-07-09 11-10-46		Mo_300Sb_35Se_5 2026-07-09 11-13-26		Mo_300Sb_35Se_6 2026-07-09 11-14-48		Mo_300Sb_35Se_7 2026-07-09 11-18-27		Mo_300Sb_35Se_8 2026-07-09 11-27-24		Mo_300Sb_35Se_9 2026-07-09 11-33-11		Mo_300Sb_35Se_10 2026-07-09 11-38-09		Mo_300Sb_35Se_11 2026-07-09 11-44-14		Mo_300Sb_35Se_12 2026-07-09 11-50-03	
Vmeas	Imeas	Vmeas	Imeas	Vmeas	Imeas	Vmeas	Imeas	Vmeas	Imeas	Vmeas	Imeas	Vmeas	Imeas	Vmeas	Imeas	Vmeas	Imeas	Vmeas	Imeas	Vmeas	Imeas
-0.10000000	0.00332693	-0.10000000	0.00313048	-0.10000000	0.00229639	-0.10000000	0.00328749	-0.10000000	0.00359322	-0.10000000	0.00300159	-0.10000000	0.00685942	-0.10000000	0.00234940	-0.10000000	0.00291770	-0.10000000	0.00287489	-0.10000000	0.00247170
-0.09530000	0.00327005	-0.09530000	0.00307822	-0.09530000	0.00226724	-0.09530000	0.00325759	-0.09530000	0.00355831	-0.09530000	0.00293660	-0.09530000	0.00665713	-0.09530000	0.00233432	-0.09530000	0.00290076	-0.09530000	0.00286470	-0.09530000	0.00247012
-0.09060000	0.00321340	-0.09060000	0.00302659	-0.09060000	0.00223891	-0.09060000	0.00322756	-0.09060000	0.00352248	-0.09060000	0.00287035	-0.09060000	0.00645552	-0.09060000	0.00231710	-0.09060000	0.00288338	-0.09060000	0.00285135	-0.09060000	0.00246674
-0.08590000	0.00315754	-0.08590000	0.00297295	-0.08590000	0.00220912	-0.08590000	0.00319684	-0.08590000	0.00348743	-0.08590000	0.00280543	-0.08590000	0.00625257	-0.08590000	0.00230204	-0.08590000	0.00286555	-0.08590000	0.00283730	-0.08590000	0.00246221
-0.08120000	0.00310083	-0.08120000	0.00292090	-0.08120000	0.00218080	-0.08120000	0.00316535	-0.08120000	0.00345093	-0.08120000	0.00273901	-0.08120000	0.00604948	-0.08120000	0.00228363	-0.08120000	0.00284805	-0.08120000	0.00282312	-0.08120000	0.00245904
-0.07650000	0.00304235	-0.07650000	0.00286934	-0.07650000	0.00215131	-0.07650000	0.00313749	-0.07650000	0.00341536	-0.07650000	0.00267073	-0.07650000	0.00584447	-0.07650000	0.00226365	-0.07650000	0.00282959	-0.07650000	0.00280599	-0.07650000	0.00245823
-0.07180000	0.00298308	-0.07180000	0.00281505	-0.07180000	0.00212296	-0.07180000	0.00310524	-0.07180000	0.00337894	-0.07180000	0.00260296	-0.07180000	0.00563984	-0.07180000	0.00224323	-0.07180000	0.00280928	-0.07180000	0.00279106	-0.07180000	0.00245487
-0.06710000	0.00292214	-0.06710000	0.00276056	-0.06710000	0.00209371	-0.06710000	0.00307534	-0.06710000	0.00334244	-0.06710000	0.00253701	-0.06710000	0.00543361	-0.06710000	0.00222427	-0.06710000	0.00279252	-0.06710000	0.00277777	-0.06710000	0.00245022
-0.06240000	0.00286248	-0.06240000	0.00270643	-0.06240000	0.00206333	-0.06240000	0.00304256	-0.06240000	0.00330727	-0.06240000	0.00246915	-0.06240000	0.00522700	-0.06240000	0.00220439	-0.06240000	0.00277390	-0.06240000	0.00276357	-0.06240000	0.00244651
-0.05770000	0.00280273	-0.05770000	0.00265076	-0.05770000	0.00203375	-0.05770000	0.00301060	-0.05770000	0.00326866	-0.05770000	0.00240047	-0.05770000	0.00502099	-0.05770000	0.00218437	-0.05770000	0.00275671	-0.05770000	0.00274940	-0.05770000	0.00244220
-0.05300000	0.00274463	-0.05300000	0.00259808	-0.05300000	0.00200304	-0.05300000	0.00298070	-0.05300000	0.00323133	-0.05300000	0.00233069	-0.05300000	0.00481381	-0.05300000	0.00216220	-0.05300000	0.00273903	-0.05300000	0.00273330	-0.05300000	0.00243784
-0.04830000	0.00268164	-0.04830000	0.00254247	-0.04830000	0.00197488	-0.04830000	0.00295131	-0.04830000	0.00319232	-0.04830000	0.00226227	-0.04830000	0.00460656	-0.04830000	0.00214055	-0.04830000	0.00271845	-0.04830000	0.00271892	-0.04830000	0.00243315
-0.04360000	0.00262103	-0.04360000	0.00248826	-0.04360000	0.00194670	-0.04360000	0.00291737	-0.04360000	0.00315469	-0.04360000	0.00219222	-0.04360000	0.00439666	-0.04360000	0.00211754	-0.04360000	0.00269806	-0.04360000	0.00270400	-0.04360000	0.00243000
-0.03895000	0.00256006	-0.03895000	0.00243323	-0.03895000	0.00191748	-0.03895000	0.00288447	-0.03895000	0.00311468	-0.03895000	0.00212479	-0.03895000	0.00418843	-0.03895000	0.00209568	-0.03895000	0.00268000	-0.03895000	0.00269002	-0.03895000	0.00242503
-0.03425000	0.00249738	-0.03425000	0.00237628	-0.03425000	0.00188848	-0.03425000	0.00285339	-0.03425000	0.00307651	-0.03425000	0.00205398	-0.03425000	0.00398155	-0.03425000	0.00207411	-0.03425000	0.00266116	-0.03425000	0.00267354	-0.03425000	0.00242115
-0.02955000	0.00243427	-0.02955000	0.00231973	-0.02955000	0.00185854	-0.02955000	0.00281907	-0.02955000	0.00303642	-0.02955000	0.00198398	-0.02955000	0.00377293	-0.02955000	0.00205137	-0.02955000	0.00264201	-0.02955000	0.00265941	-0.02955000	0.00241617
-0.02485000	0.00236979	-0.02485000	0.00226518	-0.02485000	0.00182785	-0.02485000	0.00278611	-0.02485000	0.00299784	-0.02485000	0.00191411	-0.02485000	0.00356107	-0.02485000	0.00202862	-0.02485000	0.00262337	-0.02485000	0.00264470	-0.02485000	0.00241238
-0.02015000	0.00230730	-0.02015000	0.00220983	-0.02015000	0.00179920	-0.02015000	0.00275162	-0.02015000	0.00295838	-0.02015000	0.00184349	-0.02015000	0.00335041	-0.02015000	0.00200493	-0.02015000	0.00260289	-0.02015000	0.00262947	-0.02015000	0.00240695
-0.01545000	0.00224350	-0.01545000	0.00215189	-0.01545000	0.00176828	-0.01545000	0.00271926	-0.01545000	0.00291684	-0.01545000	0.00177228	-0.01545000	0.00313770	-0.01545000	0.00198188	-0.01545000	0.00257983	-0.01545000	0.00261025	-0.01545000	0.00240251
-0.01075000	0.00217805	-0.01075000	0.00209418	-0.01075000	0.00173807	-0.01075000	0.00268637	-0.01075000	0.00287668	-0.01075000	0.00170096	-0.01075000	0.00292595	-0.01075000	0.00195877	-0.01075000	0.00256272	-0.01075000	0.00259565	-0.01075000	0.00239695
-0.00605000	0.00211341	-0.00605000	0.00203603	-0.00605000	0.00170697	-0.00605000	0.00264942	-0.00605000	0.00283471	-0.00605000	0.00163005	-0.00605000	0.00271383	-0.00605000	0.00193429	-0.00605000	0.00254158	-0.00605000	0.00258031	-0.00605000	0.00239209
-0.00135000	0.00204974	-0.00135000	0.00197735	-0.00135000	0.00167696	-0.00135000	0.00261822	-0.00135000	0.00279469	-0.00135000	0.00155750	-0.00135000	0.00249944	-0.00135000	0.00191163	-0.00135000	0.00252212	-0.00135000	0.00256514	-0.00135000	0.00238628
0.00335000	0.00198086	0.00335000	0.00192033	0.00335000	0.00164796	0.00335000	0.00258239	0.00335000	0.00275388	0.00335000	0.00148517	0.00335000	0.00228658	0.00335000	0.00188803	0.00335000	0.00250194	0.00335000	0.00254900	0.00335000	0.00238167
0.00805000	0.00191656	0.00805000	0.00186181	0.00805000	0.00161793	0.00805000	0.00254886	0.00805000	0.00271227	0.00805000	0.00141240	0.00805000	0.00207252	0.00805000	0.00186288	0.00805000	0.00247872	0.00805000	0.00253297	0.00805000	0.00237555
0.01275000	0.00185130	0.01275000	0.00180227	0.01275000	0.00158762	0.01275000	0.00251453	0.01275000	0.00266809	0.01275000	0.00133913	0.01275000	0.00185766	0.01275000	0.00183599	0.01275000	0.00245933	0.01275000	0.00251565	0.01275000	0.00237078
0.01745000	0.00178471	0.01745000	0.00174414	0.01745000	0.00155709	0.01745000	0.00247833	0.01745000	0.00262458	0.01745000	0.00126593	0.01745000	0.00164233	0.01745000	0.00181213	0.01745000	0.00243926	0.01745000	0.00249830	0.01745000	0.00236468
0.02215000	0.00171855	0.02215000	0.00168387	0.02215000	0.00152632	0.02215000	0.00244464	0.02215000	0.00258356	0.02215000	0.00119202	0.02215000	0.00142708	0.02215000	0.00178810	0.02215000	0.00241644	0.02215000	0.00247868	0.02215000	0.00235849
0.02685000	0.00165175	0.02685000	0.00162543	0.02685000	0.00149547	0.02685000	0.00240787	0.02685000	0.00253835	0.02685000	0.00111882	0.02685000	0.00120949	0.02685000	0.00176087	0.02685000	0.00239601	0.02685000	0.00246042	0.02685000	0.00235313
0.03155000	0.00158300	0.03155000	0.00156644	0.03155000	0.00146420	0.03155000	0.00237126	0.03155000	0.00249207	0.03155000	0.00104421	0.03155000	0.00099532	0.03155000	0.00173455	0.03155000	0.00237538	0.03155000	0.00244245	0.03155000	0.00234491
0.03625000	0.00151536	0.03625000	0.00150619	0.03625000	0.00143425	0.03625000	0.00233392	0.03625000	0.00245012	0.03625000	0.00096837	0.03625000	0.00077725	0.03625000	0.00170982	0.03625000	0.00235479	0.03625000	0.00242494	0.03625000	0.00234020
0.04095000	0.00144811	0.04095000	0.00144758	0.04095000	0.00140366	0.04095000	0.00229912	0.04095000	0.00240658	0.04095000	0.00089088	0.04095000	0.00055709	0.04095000	0.00168311	0.04095000	0.00233349	0.04095000	0.00240858	0.04095000	0.00233225
0.04565000	0.00137946	0.04565000	0.00138549	0.04565000	0.00137274	0.04565000	0.00226234	0.04565000	0.00236078	0.04565000	0.00081721	0.04565000	0.00033501	0.04565000	0.00165788	0.04565000	0.00231213	0.04565000	0.00239078	0.04565000	0.00232491
0.05035000	0.00131106	0.05035000	0.00132588	0.05035000	0.00134234	0.05035000	0.00222469	0.05035000	0.00231283	0.05035000	0.00074197	0.05035000	0.00011468	0.05035000	0.00163275	0.05035000	0.00228834	0.05035000	0.00237260	0.05035000	0.00231766
0.05505000	0.00124262	0.05505000	0.00126587	0.05505000	0.00131128	0.05505000	0.00218671	0.05505000	0.00226989	0.05505000	0.00066440	0.05505000	-0.00010638	0.05505000	0.00160612	0.05505000	0.00226481	0.05505000	0.00235014	0.05505000	0.00230866
0.05975000	0.00117350	0.05975000	0.00120606	0.05975000	0.00127856	0.05975000	0.00214817	0.05975000	0.00222344	0.05975000	0.00058700	0.05975000	-0.00032821	0.05975000	0.00157850	0.05975000	0.00224046	0.05975000	0.00233237	0.05975000	0.00230064
0.06445000	0.00110418	0.06445000	0.00114437	0.06445000	0.00124795	0.06445000	0.00210908	0.06445000	0.00217815	0.06445000	0.00050879	0.06445000	-0.00055047	0.06445000	0.00155089	0.06445000	0.00221865	0.06445000	0.00231324	0.06445000	0.00229284
0.06915000	0.00103373	0.06915000	0.00108333	0.06915000	0.00121591	0.06915000	0.00206978	0.06915000	0.00213102	0.06915000	0.00043069	0.06915000	-0.00077487	0.06915000	0.00152590	0.06915000	0.00219482	0.06915000	0.00229181	0.06915000	0.00228291
0.07385000	0.00096341	0.07385000	0.00102034	0.07385000	0.00118495	0.07385000	0.00203249	0.07385000	0.00208420	0.07385000	0.00035272	0.07385000	-0.00100162	0.07385000	0.00149895	0.07385000	0.00217157	0.07385000	0.00227178	0.07385000	0.00227267
0.07850000	0.00089356	0.07850000	0.00095895	0.07850000	0.00115432	0.07850000	0.00199330	0.07850000	0.00203814	0.07850000	0.00027550	0.07850000	-0.00122519	0.07850000	0.00147346	0.07850000	0.00214850	0.07850000	0.00225122	0.07850000	0.00226289
0.08320000	0.00082056	0.08320000	0.00089642	0.08320000	0.00112227	0.08320000	0.00195453	0.08320000	0.00198935	0.08320000	0.00019472	0.08320000	-0.00145244	0.08320000	0.00144501	0.08320000	0.00212213	0.08320000	0.00222819	0.08320000	0.00225263
0.08790000	0.00074917	0.08790000	0.00083403	0.08790000	0.00109003	0.08790000	0.00191388	0.08790000	0.00194247	0.08790000	0.00011442	0.08790000	-0.00168223	0.08790000	0.00141707	0.08790000	0.00209934	0.08790000	0.00220601	0.08790000	0.00224153
0.09260000	0.00067684	0.09260000	0.00077179	0.09260000	0.00105830	0.09260000	0.00187339	0.09260000	0.00189447	0.09260000	0.00003445	0.09260000	-0.00191053	0.09260000	0.00138984	0.09260000	0.00207470	0.09260000	0.00218496	0.09260000	0.00222975
0.09730000	0.00060345	0.09730000	0.00070794	0.09730000	0.00102622	0.09730000	0.00183335	0.09730000	0.00184389	0.09730000	-0.00004652	0.09730000	-0.00214396	0.09730000	0.00136167	0.09730000	0.00204661	0.09730000	0.00216131	0.09730000	0.00221653
0.10200000	0.00052951	0.10200000	0.00064567	0.10200000	0.00099416	0.10200000	0.00179187	0.10200000	0.00179654	0.10200000	-0.00013008	0.10200000	-0.00237515	0.10200000	0.00133418	0.10200000	0.00202209	0.10200000	0.00213800	0.10200000	0.00220545
0.10670000	0.00045789	0.10670000	0.00058220	0.10670000	0.00096284	0.10670000	0.00174990	0.10670000	0.00174775	0.10670000	-0.00021145	0.10670000	-0.00261184	0.10670000	0.00130593	0.10670000	0.00199524	0.10670000	0.00211356	0.10670000	0.00219129
0.11140000	0.00038332	0.11140000	0.00051918	0.11140000	0.00092826	0.11140000	0.00170770	0.11140000	0.00169672	0.11140000	-0.00029566	0.11140000	-0.00284829	0.11140000	0.00127619	0.11140000	0.00196681	0.11140000	0.00209127	0.11140000	0.00217697
0.11610000	0.00031035	0.11610000	0.00045406	0.11610000	0.00089562	0.11610000	0.00166479	0.11610000	0.00164745	0.11610000	-0.00037945	0.11610000	-0.00308724	0.11610000	0.00124781	0.11610000	0.00193767	0.11610000	0.00206749	0.11610000	0.00216290
0.12080000	0.00023473	0.12080000	0.00039017	0.12080000	0.00086388	0.12080000	0.00162095	0.12080000	0.00159428	0.12080000	-0.00046485	0.12080000	-0.00332785	0.12080000	0.00121913	0.12080000	0.00190825	0.12080000	0.00204203	0.12080000	0.00215013
0.12550000	0.00016047	0.12550000	0.00032480	0.12550000	0.00083073	0.12550000	0.00157821	0.12550000	0.00154468	0.12550000	-0.00055003	0.12550000	-0.00356826	0.12550000	0.00119007	0.12550000	0.00187964	0.12550000	0.00201558	0.12550000	0.00213327
0.13020000	0.00008442	0.13020000	0.00025976	0.13020000	0.00079845	0.13020000	0.00153335	0.13020000	0.00149184	0.13020000	-0.00063521	0.13020000	-0.00381339	0.13020000	0.00116090	0.13020000	0.00184967	0.13020000	0.00198890	0.13020000	0.00211654
0.13490000	0.00000780	0.13490000	0.00019287	0.13490000	0.00076447	0.13490000	0.00148929	0.13490000	0.00143867	0.13490000	-0.00072201	0.13490000	-0.00406156	0.13490000	0.00113239	0.13490000	0.00181997	0.13490000	0.00195995	0.13490000	0.00209885
0.13960000	-0.00007242	0.13960000	0.00012876	0.13960000	0.00073131	0.13960000	0.00144453	0.13960000	0.00138362	0.13960000	-0.00080993	0.13960000	-0.00431305	0.13960000	0.00110243	0.13960000	0.00179104	0.13960000	0.00193227	0.13960000	0.00207981
0.14430000	-0.00015012	0.14430000	0.00006230	0.14430000	0.00069829	0.14430000	0.00139973	0.14430000	0.00133099	0.14430000	-0.00089919	0.14430000	-0.00456475	0.14430000	0.00107288	0.14430000	0.00175859	0.14430000	0.00190700	0.14430000	0.00206216
0.14900000	-0.00022780	0.14900000	-0.00000637	0.14900000	0.00066443	0.14900000	0.00135395	0.14900000	0.00127657	0.14900000	-0.00098777	0.14900000	-0.00482177	0.14900000	0.00104232	0.14900000	0.00172552	0.14900000	0.00187739	0.14900000	0.00204170
0.15370000	-0.00030683	0.15370000	-0.00007512	0.15370000	0.00063143	0.15370000	0.00130744	0.15370000	0.00122356	0.15370000	-0.00107988	0.15370000	-0.00508118	0.15370000	0.00100977	0.15370000	0.00169317	0.15370000	0.00184866	0.15370000	0.00202099
0.15840000	-0.00038663	0.15840000	-0.00014410	0.15840000	0.00059703	0.15840000	0.00126061	0.15840000	0.00116912	0.15840000	-0.00117030	0.15840000	-0.00534547	0.15840000	0.00097903	0.15840000	0.00165927	0.15840000	0.00181876	0.15840000	0.00199950
0.16310000	-0.00046777	0.16310000	-0.00021145	0.16310000	0.00056314	0.16310000	0.00121396	0.16310000	0.00111449	0.16310000	-0.00126442	0.16310000	-0.00561290	0.16310000	0.00094656	0.16310000	0.00162505	0.16310000	0.00179036	0.16310000	0.00197634
0.16780000	-0.00054939	0.16780000	-0.00028121	0.16780000	0.00052736	0.16780000	0.00116447	0.16780000	0.00105835	0.16780000	-0.00135997	0.16780000	-0.00588406	0.16780000	0.00091551	0.16780000	0.00158933	0.16780000	0.00175840	0.16780000	0.00195305
0.17250000	-0.00063086	0.17250000	-0.00034979	0.17250000	0.00049283	0.17250000	0.00111769	0.17250000	0.00100186	0.17250000	-0.00145732	0.17250000	-0.00616136	0.17250000	0.00088327	0.17250000	0.00155357	0.17250000	0.00172792	0.17250000	0.00192693
0.17720000	-0.00071402	0.17720000	-0.00042011	0.17720000	0.00045878	0.17720000	0.00106970	0.17720000	0.00094480	0.17720000	-0.00155555	0.17720000	-0.00644259	0.17720000	0.00085114	0.17720000	0.00151770	0.17720000	0.00169630	0.17720000	0.00190078
0.18190000	-0.00079825	0.18190000	-0.00049017	0.18190000	0.00042393	0.18190000	0.00102196	0.18190000	0.00088661	0.18190000	-0.00165373	0.18190000	-0.00673292	0.18190000	0.00081774	0.18190000	0.00148108	0.18190000	0.00166369	0.18190000	0.00187374
0.18660000	-0.00088316	0.18660000	-0.00055998	0.18660000	0.00038764	0.18660000	0.00097044	0.18660000	0.00082953	0.18660000	-0.00175601	0.18660000	-0.00702811	0.18660000	0.00078483	0.18660000	0.00144159	0.18660000	0.00163087	0.18660000	0.00184530
0.19130000	-0.00097042	0.19130000	-0.00063135	0.19130000	0.00035191	0.19130000	0.00092065	0.19130000	0.00077118	0.19130000	-0.00185970	0.19130000	-0.00732986	0.19130000	0.00075248	0.19130000	0.00140329	0.19130000	0.00159690	0.19130000	0.00181474
0.19595000	-0.00105576	0.19595000	-0.00070282	0.19595000	0.00031659	0.19595000	0.00087003	0.19595000	0.00071202	0.19595000	-0.00196335	0.19595000	-0.00763640	0.19595000	0.00071923	0.19595000	0.00136423	0.19595000	0.00156092	0.19595000	0.00178554
0.20065000	-0.00114628	0.20065000	-0.00077553	0.20065000	0.00027842	0.20065000	0.00081902	0.20065000	0.00065320	0.20065000	-0.00206993	0.20065000	-0.00795762	0.20065000	0.00068496	0.20065000	0.00132385	0.20065000	0.00152544	0.20065000	0.00175470
0.20535000	-0.00123682	0.20535000	-0.00085041	0.20535000	0.00024195	0.20535000	0.00076704	0.20535000	0.00059297	0.20535000	-0.00217935	0.20535000	-0.00829162	0.20535000	0.00065155	0.20535000	0.00128096	0.20535000	0.00148882	0.20535000	0.00172238
0.21005000	-0.00132939	0.21005000	-0.00092484	0.21005000	0.00020564	0.21005000	0.00071450	0.21005000	0.00053297	0.21005000	-0.00229166	0.21005000	-0.00863764	0.21005000	0.00061644	0.21005000	0.00123958	0.21005000	0.00145226	0.21005000	0.00168692
0.21475000	-0.00142368	0.21475000	-0.00100218	0.21475000	0.00016866	0.21475000	0.00066104	0.21475000	0.00047106	0.21475000	-0.00240510	0.21475000	-0.00900057	0.21475000	0.00058023	0.21475000	0.00119566	0.21475000	0.00141468	0.21475000	0.00165203
0.21945000	-0.00152008	0.21945000	-0.00108010	0.21945000	0.00013111	0.21945000	0.00060796	0.21945000	0.00040719	0.21945000	-0.00252207	0.21945000	-0.00938457	0.21945000	0.00054449	0.21945000	0.00115222	0.21945000	0.00137737	0.21945000	0.00161435
0.22415000	-0.00161882	0.22415000	-0.00115972	0.22415000	0.00009297	0.22415000	0.00055389	0.22415000	0.00034190	0.22415000	-0.00263960	0.22415000	-0.00981113	0.22415000	0.00050693	0.22415000	0.00110690	0.22415000	0.00133711	0.22415000	0.00157440
0.22885000	-0.00171946	0.22885000	-0.00123917	0.22885000	0.00005457	0.22885000	0.00049835	0.22885000	0.00027776	0.22885000	-0.00275801	0.22885000	-0.01000033	0.22885000	0.00046831	0.22885000	0.00105995	0.22885000	0.00129728	0.22885000	0.00153548
0.23355000	-0.00182211	0.23355000	-0.00132070	0.23355000	0.00001529	0.23355000	0.00044473	0.23355000	0.00021457	0.23355000	-0.00288113	0.23355000	-0.01000032	0.23355000	0.00042984	0.23355000	0.00101305	0.23355000	0.00125577	0.23355000	0.00149594
0.23825000	-0.00192878	0.23825000	-0.00140530	0.23825000	-0.00002565	0.23825000	0.00038808	0.23825000	0.00014824	0.23825000	-0.00300552	0.23825000	-0.01000032	0.23825000	0.00039229	0.23825000	0.00096441	0.23825000	0.00121461	0.23825000	0.00145230
0.24295000	-0.00203781	0.24295000	-0.00148982	0.24295000	-0.00006717	0.24295000	0.00033020	0.24295000	0.00007963	0.24295000	-0.00313136	0.24295000	-0.01000032	0.24295000	0.00035246	0.24295000	0.00091472	0.24295000	0.00117215	0.24295000	0.00140785
0.24765000	-0.00214954	0.24765000	-0.00157724	0.24765000	-0.00010855	0.24765000	0.00027218	0.24765000	0.00001350	0.24765000	-0.00325976	0.24765000	-0.01000032	0.24765000	0.00031152	0.24765000	0.00086456	0.24765000	0.00112803	0.24765000	0.00136190
0.25235000	-0.00226299	0.25235000	-0.00166698	0.25235000	-0.00015216	0.25235000	0.00021325	0.25235000	-0.00005581	0.25235000	-0.00339190	0.25235000	-0.01000032	0.25235000	0.00027062	0.25235000	0.00081319	0.25235000	0.00108314	0.25235000	0.00131371
0.25705000	-0.00238107	0.25705000	-0.00175806	0.25705000	-0.00019589	0.25705000	0.00015450	0.25705000	-0.00012699	0.25705000	-0.00352668	0.25705000	-0.01000032	0.25705000	0.00022840	0.25705000	0.00076026	0.25705000	0.00103861	0.25705000	0.00126533
0.26175000	-0.00249947	0.26175000	-0.00185101	0.26175000	-0.00024149	0.26175000	0.00009448	0.26175000	-0.00019667	0.26175000	-0.00366296	0.26175000	-0.01000033	0.26175000	0.00018533	0.26175000	0.00070627	0.26175000	0.00099006	0.26175000	0.00121389
0.26645000	-0.00262338	0.26645000	-0.00194583	0.26645000	-0.00028737	0.26645000	0.00003289	0.26645000	-0.00027028	0.26645000	-0.00380251	0.26645000	-0.01000033	0.26645000	0.00014209	0.26645000	0.00065047	0.26645000	0.00094332	0.26645000	0.00116093
0.27115000	-0.00275027	0.27115000	-0.00204302	0.27115000	-0.00033429	0.27115000	-0.00003001	0.27115000	-0.00034512	0.27115000	-0.00394496	0.27115000	-0.01000032	0.27115000	0.00009742	0.27115000	0.00059317	0.27115000	0.00089452	0.27115000	0.00110691
0.27585000	-0.00288104	0.27585000	-0.00214267	0.27585000	-0.00038215	0.27585000	-0.00009487	0.27585000	-0.00042019	0.27585000	-0.00409075	0.27585000	-0.01000032	0.27585000	0.00005091	0.27585000	0.00053513	0.27585000	0.00084418	0.27585000	0.00104939
0.28055000	-0.00301607	0.28055000	-0.00224533	0.28055000	-0.00043204	0.28055000	-0.00015928	0.28055000	-0.00049796	0.28055000	-0.00423903	0.28055000	-0.01000032	0.28055000	0.00000442	0.28055000	0.00047548	0.28055000	0.00079182	0.28055000	0.00099241
0.28525000	-0.00315355	0.28525000	-0.00234978	0.28525000	-0.00048296	0.28525000	-0.00022572	0.28525000	-0.00057640	0.28525000	-0.00438971	0.28525000	-0.01000033	0.28525000	-0.00004516	0.28525000	0.00041325	0.28525000	0.00073877	0.28525000	0.00093143
0.28995000	-0.00329464	0.28995000	-0.00245654	0.28995000	-0.00053591	0.28995000	-0.00029341	0.28995000	-0.00065702	0.28995000	-0.00454336	0.28995000	-0.01000032	0.28995000	-0.00009402	0.28995000	0.00035031	0.28995000	0.00068365	0.28995000	0.00086913
0.29465000	-0.00344028	0.29465000	-0.00256601	0.29465000	-0.00059055	0.29465000	-0.00036305	0.29465000	-0.00073873	0.29465000	-0.00470261	0.29465000	-0.01000033	0.29465000	-0.00014520	0.29465000	0.00028437	0.29465000	0.00062712	0.29465000	0.00080427
0.29935000	-0.00358896	0.29935000	-0.00267797	0.29935000	-0.00064678	0.29935000	-0.00043323	0.29935000	-0.00082308	0.29935000	-0.00486362	0.29935000	-0.01000033	0.29935000	-0.00019629	0.29935000	0.00021834	0.29935000	0.00056847	0.29935000	0.00073713
0.30405000	-0.00374413	0.30405000	-0.00279350	0.30405000	-0.00070528	0.30405000	-0.00050625	0.30405000	-0.00091027	0.30405000	-0.00502855	0.30405000	-0.01000032	0.30405000	-0.00024886	0.30405000	0.00015204	0.30405000	0.00050763	0.30405000	0.00066741
0.30870000	-0.00390155	0.30870000	-0.00291129	0.30870000	-0.00076355	0.30870000	-0.00057902	0.30870000	-0.00099826	0.30870000	-0.00519605	0.30870000	-0.01000032	0.30870000	-0.00030249	0.30870000	0.00008180	0.30870000	0.00044786	0.30870000	0.00059636
0.31340000	-0.00406487	0.31340000	-0.00303261	0.31340000	-0.00082582	0.31340000	-0.00065726	0.31340000	-0.00108994	0.31340000	-0.00536918	0.31340000	-0.01000032	0.31340000	-0.00035841	0.31340000	0.00001034	0.31340000	0.00038316	0.31340000	0.00052272
0.31810000	-0.00423320	0.31810000	-0.00315693	0.31810000	-0.00088861	0.31810000	-0.00073722	0.31810000	-0.00118312	0.31810000	-0.00554684	0.31810000	-0.01000032	0.31810000	-0.00041514	0.31810000	-0.00006363	0.31810000	0.00031732	0.31810000	0.00044532
0.32280000	-0.00440803	0.32280000	-0.00328425	0.32280000	-0.00095516	0.32280000	-0.00081949	0.32280000	-0.00128038	0.32280000	-0.00573012	0.32280000	-0.01000032	0.32280000	-0.00047332	0.32280000	-0.00014393	0.32280000	0.00024920	0.32280000	0.00036601
0.32750000	-0.00458765	0.32750000	-0.00341584	0.32750000	-0.00102301	0.32750000	-0.00090465	0.32750000	-0.00137983	0.32750000	-0.00591693	0.32750000	-0.01000032	0.32750000	-0.00053288	0.32750000	-0.00022043	0.32750000	0.00017843	0.32750000	0.00028303
0.33220000	-0.00477443	0.33220000	-0.00355200	0.33220000	-0.00109500	0.33220000	-0.00099256	0.33220000	-0.00148221	0.33220000	-0.00611261	0.33220000	-0.01000032	0.33220000	-0.00059534	0.33220000	-0.00030013	0.33220000	0.00010515	0.33220000	0.00019684
0.33690000	-0.00496828	0.33690000	-0.00369027	0.33690000	-0.00117031	0.33690000	-0.00108338	0.33690000	-0.00158552	0.33690000	-0.00631352	0.33690000	-0.01000033	0.33690000	-0.00065930	0.33690000	-0.00038138	0.33690000	0.00002979	0.33690000	0.00010814
0.34160000	-0.00517010	0.34160000	-0.00383306	0.34160000	-0.00124708	0.34160000	-0.00117800	0.34160000	-0.00169321	0.34160000	-0.00652294	0.34160000	-0.01000032	0.34160000	-0.00072547	0.34160000	-0.00046569	0.34160000	-0.00004967	0.34160000	0.00001500
0.34630000	-0.00538151	0.34630000	-0.00398146	0.34630000	-0.00132713	0.34630000	-0.00127694	0.34630000	-0.00180270	0.34630000	-0.00674055	0.34630000	-0.01000033	0.34630000	-0.00079331	0.34630000	-0.00055041	0.34630000	-0.00013211	0.34630000	-0.00008265
0.35100000	-0.00560146	0.35100000	-0.00413327	0.35100000	-0.00141020	0.35100000	-0.00137924	0.35100000	-0.00191507	0.35100000	-0.00696887	0.35100000	-0.01000032	0.35100000	-0.00086257	0.35100000	-0.00063783	0.35100000	-0.00021588	0.35100000	-0.00018202
0.35570000	-0.00583141	0.35570000	-0.00428987	0.35570000	-0.00149565	0.35570000	-0.00148631	0.35570000	-0.00203019	0.35570000	-0.00720731	0.35570000	-0.01000032	0.35570000	-0.00093376	0.35570000	-0.00072500	0.35570000	-0.00030202	0.35570000	-0.00028705
0.36040000	-0.00607399	0.36040000	-0.00445275	0.36040000	-0.00158547	0.36040000	-0.00159633	0.36040000	-0.00214939	0.36040000	-0.00745815	0.36040000	-0.01000032	0.36040000	-0.00100695	0.36040000	-0.00081574	0.36040000	-0.00039129	0.36040000	-0.00039629
0.36510000	-0.00633105	0.36510000	-0.00462362	0.36510000	-0.00167802	0.36510000	-0.00171149	0.36510000	-0.00227032	0.36510000	-0.00772343	0.36510000	-0.01000032	0.36510000	-0.00108228	0.36510000	-0.00090776	0.36510000	-0.00048420	0.36510000	-0.00051041
0.36980000	-0.00660458	0.36980000	-0.00479790	0.36980000	-0.00177383	0.36980000	-0.00183073	0.36980000	-0.00239573	0.36980000	-0.00800913	0.36980000	-0.01000032	0.36980000	-0.00115866	0.36980000	-0.00100187	0.36980000	-0.00057923	0.36980000	-0.00062950
0.37450000	-0.00689942	0.37450000	-0.00498011	0.37450000	-0.00187471	0.37450000	-0.00195417	0.37450000	-0.00252334	0.37450000	-0.00831590	0.37450000	-0.01000032	0.37450000	-0.00123589	0.37450000	-0.00109954	0.37450000	-0.00067702	0.37450000	-0.00075085
0.37920000	-0.00721957	0.37920000	-0.00517064	0.37920000	-0.00197989	0.37920000	-0.00208350	0.37920000	-0.00265494	0.37920000	-0.00865002	0.37920000	-0.01000032	0.37920000	-0.00131559	0.37920000	-0.00119587	0.37920000	-0.00077695	0.37920000	-0.00087777
0.38390000	-0.00757109	0.38390000	-0.00536880	0.38390000	-0.00208932	0.38390000	-0.00221819	0.38390000	-0.00278969	0.38390000	-0.00902040	0.38390000	-0.01000032	0.38390000	-0.00139694	0.38390000	-0.00129293	0.38390000	-0.00087960	0.38390000	-0.00100918
0.38860000	-0.00796631	0.38860000	-0.00557697	0.38860000	-0.00220301	0.38860000	-0.00235925	0.38860000	-0.00292883	0.38860000	-0.00944419	0.38860000	-0.01000032	0.38860000	-0.00148076	0.38860000	-0.00139151	0.38860000	-0.00098479	0.38860000	-0.00114509
0.39330000	-0.00841351	0.39330000	-0.00579837	0.39330000	-0.00232207	0.39330000	-0.00250680	0.39330000	-0.00307089	0.39330000	-0.00994220	0.39330000	-0.01000032	0.39330000	-0.00156432	0.39330000	-0.00149168	0.39330000	-0.00109409	0.39330000	-0.00128564
0.39800000	-0.00894494	0.39800000	-0.00603158	0.39800000	-0.00244694	0.39800000	-0.00266036	0.39800000	-0.00321671	0.39800000	-0.01000032	0.39800000	-0.01000032	0.39800000	-0.00164961	0.39800000	-0.00159272	0.39800000	-0.00120515	0.39800000	-0.00143078
0.40270000	-0.00961719	0.40270000	-0.00627976	0.40270000	-0.00257756	0.40270000	-0.00282199	0.40270000	-0.00336852	0.40270000	-0.01000032	0.40270000	-0.01000032	0.40270000	-0.00173689	0.40270000	-0.00169579	0.40270000	-0.00131711	0.40270000	-0.00158054
0.40740000	-0.01000032	0.40740000	-0.00654778	0.40740000	-0.00271460	0.40740000	-0.00299020	0.40740000	-0.00352368	0.40740000	-0.01000032	0.40740000	-0.01000032	0.40740000	-0.00182504	0.40740000	-0.00179961	0.40740000	-0.00143236	0.40740000	-0.00173528
0.41210000	-0.01000032	0.41210000	-0.00683522	0.41210000	-0.00285867	0.41210000	-0.00316854	0.41210000	-0.00368442	0.41210000	-0.01000031	0.41210000	-0.01000032	0.41210000	-0.00191525	0.41210000	-0.00190538	0.41210000	-0.00154975	0.41210000	-0.00189536
0.41680000	-0.01000032	0.41680000	-0.00715012	0.41680000	-0.00301088	0.41680000	-0.00335673	0.41680000	-0.00385096	0.41680000	-0.01000032	0.41680000	-0.01000033	0.41680000	-0.00200558	0.41680000	-0.00201237	0.41680000	-0.00167018	0.41680000	-0.00206188
0.42150000	-0.01000032	0.42150000	-0.00750136	0.42150000	-0.00317067	0.42150000	-0.00355601	0.42150000	-0.00402413	0.42150000	-0.01000031	0.42150000	-0.01000033	0.42150000	-0.00209741	0.42150000	-0.00212023	0.42150000	-0.00179294	0.42150000	-0.00223198
0.42615000	-0.01000032	0.42615000	-0.00789593	0.42615000	-0.00333804	0.42615000	-0.00376418	0.42615000	-0.00420174	0.42615000	-0.01000031	0.42615000	-0.01000032	0.42615000	-0.00218848	0.42615000	-0.00222841	0.42615000	-0.00191732	0.42615000	-0.00240597
0.43085000	-0.01000032	0.43085000	-0.00835750	0.43085000	-0.00351636	0.43085000	-0.00399007	0.43085000	-0.00438889	0.43085000	-0.01000031	0.43085000	-0.01000032	0.43085000	-0.00228234	0.43085000	-0.00233840	0.43085000	-0.00204621	0.43085000	-0.00258914
0.43555000	-0.01000031	0.43555000	-0.00891420	0.43555000	-0.00370810	0.43555000	-0.00423205	0.43555000	-0.00458344	0.43555000	-0.01000031	0.43555000	-0.01000032	0.43555000	-0.00237761	0.43555000	-0.00245061	0.43555000	-0.00217917	0.43555000	-0.00277956
0.44025000	-0.01000032	0.44025000	-0.00964295	0.44025000	-0.00391302	0.44025000	-0.00449468	0.44025000	-0.00478624	0.44025000	-0.01000032	0.44025000	-0.01000031	0.44025000	-0.00247402	0.44025000	-0.00256265	0.44025000	-0.00231391	0.44025000	-0.00297699
0.44495000	-0.01000032	0.44495000	-0.01000031	0.44495000	-0.00413197	0.44495000	-0.00477919	0.44495000	-0.00499963	0.44495000	-0.01000032	0.44495000	-0.01000032	0.44495000	-0.00257110	0.44495000	-0.00267683	0.44495000	-0.00245250	0.44495000	-0.00318313
0.44965000	-0.01000032	0.44965000	-0.01000032	0.44965000	-0.00436966	0.44965000	-0.00509439	0.44965000	-0.00522660	0.44965000	-0.01000032	0.44965000	-0.01000032	0.44965000	-0.00266896	0.44965000	-0.00279127	0.44965000	-0.00259248	0.44965000	-0.00339776
0.45435000	-0.01000032	0.45435000	-0.01000032	0.45435000	-0.00462914	0.45435000	-0.00544875	0.45435000	-0.00546679	0.45435000	-0.01000032	0.45435000	-0.01000032	0.45435000	-0.00276838	0.45435000	-0.00290815	0.45435000	-0.00273644	0.45435000	-0.00362374
0.45905000	-0.01000032	0.45905000	-0.01000032	0.45905000	-0.00491321	0.45905000	-0.00585449	0.45905000	-0.00572377	0.45905000	-0.01000032	0.45905000	-0.01000032	0.45905000	-0.00286918	0.45905000	-0.00302649	0.45905000	-0.00288529	0.45905000	-0.00386162
0.46375000	-0.01000032	0.46375000	-0.01000032	0.46375000	-0.00523294	0.46375000	-0.00633378	0.46375000	-0.00600089	0.46375000	-0.01000031	0.46375000	-0.01000032	0.46375000	-0.00297099	0.46375000	-0.00314620	0.46375000	-0.00303786	0.46375000	-0.00411277
0.46845000	-0.01000032	0.46845000	-0.01000032	0.46845000	-0.00559230	0.46845000	-0.00693497	0.46845000	-0.00630733	0.46845000	-0.01000032	0.46845000	-0.01000032	0.46845000	-0.00307374	0.46845000	-0.00326639	0.46845000	-0.00319527	0.46845000	-0.00438060
0.47315000	-0.01000032	0.47315000	-0.01000031	0.47315000	-0.00600381	0.47315000	-0.00776493	0.47315000	-0.00664519	0.47315000	-0.01000031	0.47315000	-0.01000032	0.47315000	-0.00317884	0.47315000	-0.00338845	0.47315000	-0.00335676	0.47315000	-0.00466908
0.47785000	-0.01000031	0.47785000	-0.01000032	0.47785000	-0.00649303	0.47785000	-0.00925354	0.47785000	-0.00702980	0.47785000	-0.01000031	0.47785000	-0.01000031	0.47785000	-0.00328524	0.47785000	-0.00351266	0.47785000	-0.00352351	0.47785000	-0.00497644
0.48255000	-0.01000031	0.48255000	-0.01000032	0.48255000	-0.00709379	0.48255000	-0.01000032	0.48255000	-0.00747720	0.48255000	-0.01000031	0.48255000	-0.01000032	0.48255000	-0.00339270	0.48255000	-0.00363767	0.48255000	-0.00369602	0.48255000	-0.00531676
0.48725000	-0.01000032	0.48725000	-0.01000032	0.48725000	-0.00789977	0.48725000	-0.01000031	0.48725000	-0.00802347	0.48725000	-0.01000032	0.48725000	-0.01000032	0.48725000	-0.00350162	0.48725000	-0.00376487	0.48725000	-0.00387524	0.48725000	-0.00569406
0.49195000	-0.01000031	0.49195000	-0.01000032	0.49195000	-0.00917030	0.49195000	-0.01000031	0.49195000	-0.00875571	0.49195000	-0.01000032	0.49195000	-0.01000032	0.49195000	-0.00361194	0.49195000	-0.00389348	0.49195000	-0.00406107	0.49195000	-0.00611963
0.49665000	-0.01000031	0.49665000	-0.01000031	0.49665000	-0.01000032	0.49665000	-0.01000032	0.49665000	-0.00996785	0.49665000	-0.01000031	0.49665000	-0.01000031	0.49665000	-0.00372399	0.49665000	-0.00402427	0.49665000	-0.00425468	0.49665000	-0.00661759
0.50135000	-0.01000032	0.50135000	-0.01000031	0.50135000	-0.01000032	0.50135000	-0.01000031	0.50135000	-0.01000031	0.50135000	-0.01000031	0.50135000	-0.01000032	0.50135000	-0.00383698	0.50135000	-0.00415605	0.50135000	-0.00445821	0.50135000	-0.00722765
0.50605000	-0.01000031	0.50605000	-0.01000032	0.50605000	-0.01000032	0.50605000	-0.01000031	0.50605000	-0.01000033	0.50605000	-0.01000032	0.50605000	-0.01000031	0.50605000	-0.00395244	0.50605000	-0.00429103	0.50605000	-0.00466986	0.50605000	-0.00804350
0.51075000	-0.01000031	0.51075000	-0.01000032	0.51075000	-0.01000032	0.51075000	-0.01000032	0.51075000	-0.01000039	0.51075000	-0.01000031	0.51075000	-0.01000032	0.51075000	-0.00407006	0.51075000	-0.00442915	0.51075000	-0.00489249	0.51075000	-0.00935098
0.51545000	-0.01000032	0.51545000	-0.01000032	0.51545000	-0.01000033	0.51545000	-0.01000031	0.51545000	-0.01000029	0.51545000	-0.01000031	0.51545000	-0.01000032	0.51545000	-0.00418892	0.51545000	-0.00456726	0.51545000	-0.00513012	0.51545000	-0.01000033
0.52015000	-0.01000032	0.52015000	-0.01000032	0.52015000	-0.01000032	0.52015000	-0.01000031	0.52015000	-0.01000031	0.52015000	-0.01000032	0.52015000	-0.01000031	0.52015000	-0.00430993	0.52015000	-0.00470806	0.52015000	-0.00538433	0.52015000	-0.01000033
0.52485000	-0.01000032	0.52485000	-0.01000032	0.52485000	-0.01000032	0.52485000	-0.01000031	0.52485000	-0.01000036	0.52485000	-0.01000031	0.52485000	-0.01000031	0.52485000	-0.00443195	0.52485000	-0.00485229	0.52485000	-0.00565652	0.52485000	-0.01000034
0.52955000	-0.01000032	0.52955000	-0.01000031	0.52955000	-0.01000032	0.52955000	-0.01000032	0.52955000	-0.01000031	0.52955000	-0.01000032	0.52955000	-0.01000032	0.52955000	-0.00455671	0.52955000	-0.00499916	0.52955000	-0.00595128	0.52955000	-0.01000033
0.53425000	-0.01000031	0.53425000	-0.01000031	0.53425000	-0.01000032	0.53425000	-0.01000031	0.53425000	-0.01000028	0.53425000	-0.01000032	0.53425000	-0.01000032	0.53425000	-0.00468298	0.53425000	-0.00514750	0.53425000	-0.00627518	0.53425000	-0.01000033
0.53895000	-0.01000031	0.53895000	-0.01000031	0.53895000	-0.01000032	0.53895000	-0.01000032	0.53895000	-0.01000031	0.53895000	-0.01000031	0.53895000	-0.01000032	0.53895000	-0.00481172	0.53895000	-0.00529964	0.53895000	-0.00663932	0.53895000	-0.01000033
0.54360000	-0.01000031	0.54360000	-0.01000031	0.54360000	-0.01000032	0.54360000	-0.01000032	0.54360000	-0.01000032	0.54360000	-0.01000031	0.54360000	-0.01000032	0.54360000	-0.00494020	0.54360000	-0.00545167	0.54360000	-0.00705259	0.54360000	-0.01000033
0.54830000	-0.01000031	0.54830000	-0.01000031	0.54830000	-0.01000032	0.54830000	-0.01000031	0.54830000	-0.01000032	0.54830000	-0.01000031	0.54830000	-0.01000032	0.54830000	-0.00507252	0.54830000	-0.00560637	0.54830000	-0.00754902	0.54830000	-0.01000033
0.55300000	-0.01000032	0.55300000	-0.01000032	0.55300000	-0.01000032	0.55300000	-0.01000032	0.55300000	-0.01000031	0.55300000	-0.01000032	0.55300000	-0.01000032	0.55300000	-0.00520742	0.55300000	-0.00576761	0.55300000	-0.00817665	0.55300000	-0.01000033
0.55770000	-0.01000031	0.55770000	-0.01000032	0.55770000	-0.01000032	0.55770000	-0.01000032	0.55770000	-0.01000031	0.55770000	-0.01000032	0.55770000	-0.01000032	0.55770000	-0.00534537	0.55770000	-0.00593170	0.55770000	-0.00908535	0.55770000	-0.01000033
0.56240000	-0.01000031	0.56240000	-0.01000031	0.56240000	-0.01000032	0.56240000	-0.01000031	0.56240000	-0.01000031	0.56240000	-0.01000032	0.56240000	-0.01000032	0.56240000	-0.00548651	0.56240000	-0.00609970	0.56240000	-0.01000034	0.56240000	-0.01000033
0.56710000	-0.01000031	0.56710000	-0.01000031	0.56710000	-0.01000033	0.56710000	-0.01000031	0.56710000	-0.01000031	0.56710000	-0.01000032	0.56710000	-0.01000032	0.56710000	-0.00563074	0.56710000	-0.00627178	0.56710000	-0.01000032	0.56710000	-0.01000033
0.57180000	-0.01000031	0.57180000	-0.01000032	0.57180000	-0.01000033	0.57180000	-0.01000031	0.57180000	-0.01000031	0.57180000	-0.01000031	0.57180000	-0.01000032	0.57180000	-0.00577884	0.57180000	-0.00644873	0.57180000	-0.01000032	0.57180000	-0.01000033
0.57650000	-0.01000031	0.57650000	-0.01000032	0.57650000	-0.01000032	0.57650000	-0.01000031	0.57650000	-0.01000030	0.57650000	-0.01000032	0.57650000	-0.01000031	0.57650000	-0.00593098	0.57650000	-0.00662951	0.57650000	-0.01000034	0.57650000	-0.01000033
0.58120000	-0.01000032	0.58120000	-0.01000032	0.58120000	-0.01000032	0.58120000	-0.01000031	0.58120000	-0.01000031	0.58120000	-0.01000031	0.58120000	-0.01000032	0.58120000	-0.00608700	0.58120000	-0.00681597	0.58120000	-0.01000032	0.58120000	-0.01000032
0.58590000	-0.01000032	0.58590000	-0.01000032	0.58590000	-0.01000032	0.58590000	-0.01000032	0.58590000	-0.01000031	0.58590000	-0.01000032	0.58590000	-0.01000032	0.58590000	-0.00624740	0.58590000	-0.00700909	0.58590000	-0.01000032	0.58590000	-0.01000033
0.59060000	-0.01000032	0.59060000	-0.01000032	0.59060000	-0.01000032	0.59060000	-0.01000032	0.59060000	-0.01000027	0.59060000	-0.01000031	0.59060000	-0.01000032	0.59060000	-0.00641348	0.59060000	-0.00720810	0.59060000	-0.01000033	0.59060000	-0.01000033
0.59530000	-0.01000032	0.59530000	-0.01000032	0.59530000	-0.01000032	0.59530000	-0.01000032	0.59530000	-0.01000032	0.59530000	-0.01000031	0.59530000	-0.01000032	0.59530000	-0.00658409	0.59530000	-0.00741593	0.59530000	-0.01000033	0.59530000	-0.01000033
0.60000000	-0.01000031	0.60000000	-0.01000031	0.60000000	-0.01000032	0.60000000	-0.01000032	0.60000000	-0.01000031	0.60000000	-0.01000031	0.60000000	-0.01000032	0.60000000	-0.00676000	0.60000000	-0.00763278	0.60000000	-0.01000033	0.60000000	-0.01000033
