Mo_400Sb_30Se_1 2026-07-09 12-05-45		Mo_400Sb_30Se_2 2026-07-09 12-07-33		Mo_400Sb_30Se_3 2026-07-09 12-09-34		Mo_400Sb_30Se_5 2026-07-09 12-11-24		Mo_400Sb_30Se_6 2026-07-09 12-12-38		Mo_400Sb_30Se_7 2026-07-09 12-13-59		Mo_400Sb_30Se_8 2026-07-09 12-15-13		Mo_400Sb_30Se_9 2026-07-09 12-16-33		Mo_400Sb_30Se_10 2026-07-09 12-17-48		Mo_400Sb_30Se_11 2026-07-09 12-19-34		Mo_400Sb_30Se_12 2026-07-09 12-22-06	
Vmeas	Imeas	Vmeas	Imeas	Vmeas	Imeas	Vmeas	Imeas	Vmeas	Imeas	Vmeas	Imeas	Vmeas	Imeas	Vmeas	Imeas	Vmeas	Imeas	Vmeas	Imeas	Vmeas	Imeas
-0.10000000	0.00341243	-0.10000000	0.00340814	-0.10000000	0.00409480	-0.10000000	0.00333558	-0.10000000	0.00324376	-0.10000000	0.00343150	-0.10000000	0.00356326	-0.10000000	0.00190810	-0.10000000	0.00246964	-0.10000000	0.00258690	-0.10000000	0.00225125
-0.09530000	0.00332216	-0.09530000	0.00332623	-0.09530000	0.00398967	-0.09530000	0.00326175	-0.09530000	0.00321370	-0.09530000	0.00336585	-0.09530000	0.00350620	-0.09530000	0.00186922	-0.09530000	0.00244889	-0.09530000	0.00256712	-0.09530000	0.00223154
-0.09060000	0.00323140	-0.09060000	0.00323431	-0.09060000	0.00388249	-0.09060000	0.00318684	-0.09060000	0.00318402	-0.09060000	0.00330111	-0.09060000	0.00344988	-0.09060000	0.00183023	-0.09060000	0.00242774	-0.09060000	0.00254617	-0.09060000	0.00221135
-0.08590000	0.00314002	-0.08590000	0.00314372	-0.08590000	0.00377252	-0.08590000	0.00311138	-0.08590000	0.00315387	-0.08590000	0.00323382	-0.08590000	0.00339239	-0.08590000	0.00179056	-0.08590000	0.00240572	-0.08590000	0.00252442	-0.08590000	0.00219316
-0.08120000	0.00304679	-0.08120000	0.00305226	-0.08120000	0.00366339	-0.08120000	0.00303536	-0.08120000	0.00312134	-0.08120000	0.00316738	-0.08120000	0.00333513	-0.08120000	0.00175129	-0.08120000	0.00238357	-0.08120000	0.00250207	-0.08120000	0.00217257
-0.07650000	0.00295412	-0.07650000	0.00296099	-0.07650000	0.00355263	-0.07650000	0.00295970	-0.07650000	0.00309014	-0.07650000	0.00310086	-0.07650000	0.00327875	-0.07650000	0.00171201	-0.07650000	0.00236078	-0.07650000	0.00248130	-0.07650000	0.00215180
-0.07180000	0.00286101	-0.07180000	0.00286842	-0.07180000	0.00344197	-0.07180000	0.00288074	-0.07180000	0.00305646	-0.07180000	0.00303353	-0.07180000	0.00322092	-0.07180000	0.00167371	-0.07180000	0.00233823	-0.07180000	0.00245803	-0.07180000	0.00213235
-0.06710000	0.00276790	-0.06710000	0.00277606	-0.06710000	0.00333181	-0.06710000	0.00280349	-0.06710000	0.00302417	-0.06710000	0.00296772	-0.06710000	0.00316364	-0.06710000	0.00163420	-0.06710000	0.00231659	-0.06710000	0.00243524	-0.06710000	0.00211162
-0.06240000	0.00267386	-0.06240000	0.00268420	-0.06240000	0.00321999	-0.06240000	0.00272653	-0.06240000	0.00299413	-0.06240000	0.00289948	-0.06240000	0.00310275	-0.06240000	0.00159448	-0.06240000	0.00229313	-0.06240000	0.00241415	-0.06240000	0.00209042
-0.05770000	0.00258063	-0.05770000	0.00259222	-0.05770000	0.00310817	-0.05770000	0.00264931	-0.05770000	0.00296071	-0.05770000	0.00283169	-0.05770000	0.00304392	-0.05770000	0.00155431	-0.05770000	0.00227144	-0.05770000	0.00239119	-0.05770000	0.00207080
-0.05300000	0.00248609	-0.05300000	0.00249921	-0.05300000	0.00299612	-0.05300000	0.00257019	-0.05300000	0.00292750	-0.05300000	0.00276365	-0.05300000	0.00298441	-0.05300000	0.00151378	-0.05300000	0.00224756	-0.05300000	0.00236728	-0.05300000	0.00204803
-0.04830000	0.00239115	-0.04830000	0.00240612	-0.04830000	0.00288356	-0.04830000	0.00249044	-0.04830000	0.00289252	-0.04830000	0.00269463	-0.04830000	0.00292331	-0.04830000	0.00147390	-0.04830000	0.00222544	-0.04830000	0.00234435	-0.04830000	0.00202869
-0.04360000	0.00229579	-0.04360000	0.00231180	-0.04360000	0.00277078	-0.04360000	0.00241108	-0.04360000	0.00285990	-0.04360000	0.00262671	-0.04360000	0.00286448	-0.04360000	0.00143456	-0.04360000	0.00220305	-0.04360000	0.00232098	-0.04360000	0.00200747
-0.03895000	0.00220197	-0.03895000	0.00221917	-0.03895000	0.00265712	-0.03895000	0.00233153	-0.03895000	0.00282695	-0.03895000	0.00255897	-0.03895000	0.00280263	-0.03895000	0.00139430	-0.03895000	0.00218003	-0.03895000	0.00229898	-0.03895000	0.00198467
-0.03425000	0.00210585	-0.03425000	0.00212544	-0.03425000	0.00254234	-0.03425000	0.00224973	-0.03425000	0.00279306	-0.03425000	0.00249098	-0.03425000	0.00274375	-0.03425000	0.00135364	-0.03425000	0.00215543	-0.03425000	0.00227492	-0.03425000	0.00196322
-0.02955000	0.00201032	-0.02955000	0.00203264	-0.02955000	0.00242815	-0.02955000	0.00216948	-0.02955000	0.00275996	-0.02955000	0.00242196	-0.02955000	0.00268077	-0.02955000	0.00131160	-0.02955000	0.00213190	-0.02955000	0.00225252	-0.02955000	0.00194127
-0.02485000	0.00191394	-0.02485000	0.00193960	-0.02485000	0.00231479	-0.02485000	0.00208929	-0.02485000	0.00272521	-0.02485000	0.00235569	-0.02485000	0.00261984	-0.02485000	0.00127157	-0.02485000	0.00210856	-0.02485000	0.00222870	-0.02485000	0.00191930
-0.02015000	0.00181699	-0.02015000	0.00184487	-0.02015000	0.00219870	-0.02015000	0.00200993	-0.02015000	0.00269200	-0.02015000	0.00228701	-0.02015000	0.00255539	-0.02015000	0.00123078	-0.02015000	0.00208464	-0.02015000	0.00220434	-0.02015000	0.00189846
-0.01545000	0.00172007	-0.01545000	0.00175007	-0.01545000	0.00208193	-0.01545000	0.00192788	-0.01545000	0.00265818	-0.01545000	0.00221762	-0.01545000	0.00249244	-0.01545000	0.00119005	-0.01545000	0.00205986	-0.01545000	0.00217941	-0.01545000	0.00187573
-0.01075000	0.00162460	-0.01075000	0.00165617	-0.01075000	0.00196564	-0.01075000	0.00184511	-0.01075000	0.00262156	-0.01075000	0.00214811	-0.01075000	0.00243153	-0.01075000	0.00114821	-0.01075000	0.00203481	-0.01075000	0.00215357	-0.01075000	0.00185321
-0.00605000	0.00152639	-0.00605000	0.00156058	-0.00605000	0.00184836	-0.00605000	0.00176209	-0.00605000	0.00258660	-0.00605000	0.00207757	-0.00605000	0.00236761	-0.00605000	0.00110606	-0.00605000	0.00200964	-0.00605000	0.00212925	-0.00605000	0.00183120
-0.00135000	0.00142810	-0.00135000	0.00146572	-0.00135000	0.00173103	-0.00135000	0.00167904	-0.00135000	0.00255012	-0.00135000	0.00200825	-0.00135000	0.00230492	-0.00135000	0.00106509	-0.00135000	0.00198643	-0.00135000	0.00210389	-0.00135000	0.00180860
0.00335000	0.00132950	0.00335000	0.00136984	0.00335000	0.00161153	0.00335000	0.00159343	0.00335000	0.00251626	0.00335000	0.00193849	0.00335000	0.00223922	0.00335000	0.00102259	0.00335000	0.00196274	0.00335000	0.00207888	0.00335000	0.00178696
0.00805000	0.00123166	0.00805000	0.00127490	0.00805000	0.00149366	0.00805000	0.00150921	0.00805000	0.00247963	0.00805000	0.00186882	0.00805000	0.00217470	0.00805000	0.00097929	0.00805000	0.00193716	0.00805000	0.00205375	0.00805000	0.00176246
0.01275000	0.00113343	0.01275000	0.00117852	0.01275000	0.00137674	0.01275000	0.00142602	0.01275000	0.00244182	0.01275000	0.00179803	0.01275000	0.00210848	0.01275000	0.00093743	0.01275000	0.00191206	0.01275000	0.00202931	0.01275000	0.00173997
0.01745000	0.00103386	0.01745000	0.00108305	0.01745000	0.00125665	0.01745000	0.00134050	0.01745000	0.00240758	0.01745000	0.00172864	0.01745000	0.00204258	0.01745000	0.00089506	0.01745000	0.00188544	0.01745000	0.00200212	0.01745000	0.00171678
0.02215000	0.00093387	0.02215000	0.00098754	0.02215000	0.00113696	0.02215000	0.00125480	0.02215000	0.00237219	0.02215000	0.00165734	0.02215000	0.00197708	0.02215000	0.00085282	0.02215000	0.00185971	0.02215000	0.00197608	0.02215000	0.00169308
0.02685000	0.00083320	0.02685000	0.00089000	0.02685000	0.00101578	0.02685000	0.00116990	0.02685000	0.00233427	0.02685000	0.00158687	0.02685000	0.00191058	0.02685000	0.00080913	0.02685000	0.00183415	0.02685000	0.00194922	0.02685000	0.00166989
0.03155000	0.00073464	0.03155000	0.00079464	0.03155000	0.00089459	0.03155000	0.00108337	0.03155000	0.00229815	0.03155000	0.00151736	0.03155000	0.00184551	0.03155000	0.00076678	0.03155000	0.00180896	0.03155000	0.00192228	0.03155000	0.00164522
0.03625000	0.00063454	0.03625000	0.00069744	0.03625000	0.00077276	0.03625000	0.00099741	0.03625000	0.00226144	0.03625000	0.00144615	0.03625000	0.00177787	0.03625000	0.00072302	0.03625000	0.00178239	0.03625000	0.00189692	0.03625000	0.00162078
0.04095000	0.00053421	0.04095000	0.00059933	0.04095000	0.00065072	0.04095000	0.00091124	0.04095000	0.00222200	0.04095000	0.00137418	0.04095000	0.00170932	0.04095000	0.00067825	0.04095000	0.00175450	0.04095000	0.00186934	0.04095000	0.00159698
0.04565000	0.00043309	0.04565000	0.00050333	0.04565000	0.00052798	0.04565000	0.00082300	0.04565000	0.00218389	0.04565000	0.00130212	0.04565000	0.00163976	0.04565000	0.00063518	0.04565000	0.00172719	0.04565000	0.00184316	0.04565000	0.00157313
0.05035000	0.00033122	0.05035000	0.00040486	0.05035000	0.00040443	0.05035000	0.00073594	0.05035000	0.00214809	0.05035000	0.00123182	0.05035000	0.00156931	0.05035000	0.00059154	0.05035000	0.00170011	0.05035000	0.00181495	0.05035000	0.00154846
0.05505000	0.00023002	0.05505000	0.00030790	0.05505000	0.00027985	0.05505000	0.00064773	0.05505000	0.00211179	0.05505000	0.00115833	0.05505000	0.00150099	0.05505000	0.00054744	0.05505000	0.00167306	0.05505000	0.00178716	0.05505000	0.00152318
0.05975000	0.00012880	0.05975000	0.00020979	0.05975000	0.00015377	0.05975000	0.00055898	0.05975000	0.00207123	0.05975000	0.00108664	0.05975000	0.00143065	0.05975000	0.00050257	0.05975000	0.00164539	0.05975000	0.00175910	0.05975000	0.00149977
0.06445000	0.00002488	0.06445000	0.00011123	0.06445000	0.00002630	0.06445000	0.00047048	0.06445000	0.00203338	0.06445000	0.00101354	0.06445000	0.00135879	0.06445000	0.00045781	0.06445000	0.00161762	0.06445000	0.00173232	0.06445000	0.00147499
0.06915000	-0.00007807	0.06915000	0.00001073	0.06915000	-0.00010096	0.06915000	0.00038069	0.06915000	0.00199424	0.06915000	0.00093985	0.06915000	0.00128763	0.06915000	0.00041273	0.06915000	0.00158955	0.06915000	0.00170417	0.06915000	0.00144947
0.07385000	-0.00018610	0.07385000	-0.00008782	0.07385000	-0.00023347	0.07385000	0.00029062	0.07385000	0.00195626	0.07385000	0.00086697	0.07385000	0.00121525	0.07385000	0.00036760	0.07385000	0.00155977	0.07385000	0.00167410	0.07385000	0.00142248
0.07850000	-0.00028905	0.07850000	-0.00018949	0.07850000	-0.00035892	0.07850000	0.00020062	0.07850000	0.00191628	0.07850000	0.00079494	0.07850000	0.00114272	0.07850000	0.00032232	0.07850000	0.00153173	0.07850000	0.00164442	0.07850000	0.00139574
0.08320000	-0.00039258	0.08320000	-0.00028858	0.08320000	-0.00048844	0.08320000	0.00010963	0.08320000	0.00187639	0.08320000	0.00072154	0.08320000	0.00106767	0.08320000	0.00027569	0.08320000	0.00150109	0.08320000	0.00161683	0.08320000	0.00136808
0.08790000	-0.00049654	0.08790000	-0.00038801	0.08790000	-0.00061889	0.08790000	0.00001729	0.08790000	0.00183655	0.08790000	0.00064692	0.08790000	0.00099148	0.08790000	0.00022950	0.08790000	0.00147189	0.08790000	0.00158813	0.08790000	0.00134138
0.09260000	-0.00060142	0.09260000	-0.00048833	0.09260000	-0.00074956	0.09260000	-0.00007483	0.09260000	0.00179622	0.09260000	0.00057376	0.09260000	0.00091743	0.09260000	0.00018312	0.09260000	0.00144047	0.09260000	0.00155838	0.09260000	0.00131525
0.09730000	-0.00070554	0.09730000	-0.00058858	0.09730000	-0.00088221	0.09730000	-0.00017068	0.09730000	0.00175388	0.09730000	0.00050244	0.09730000	0.00084283	0.09730000	0.00013590	0.09730000	0.00140944	0.09730000	0.00152769	0.09730000	0.00128859
0.10200000	-0.00081051	0.10200000	-0.00068846	0.10200000	-0.00101506	0.10200000	-0.00026344	0.10200000	0.00171368	0.10200000	0.00042805	0.10200000	0.00076775	0.10200000	0.00008727	0.10200000	0.00137963	0.10200000	0.00149762	0.10200000	0.00125971
0.10670000	-0.00091518	0.10670000	-0.00078951	0.10670000	-0.00114875	0.10670000	-0.00035730	0.10670000	0.00167164	0.10670000	0.00035292	0.10670000	0.00069103	0.10670000	0.00004048	0.10670000	0.00134730	0.10670000	0.00146605	0.10670000	0.00123103
0.11140000	-0.00102257	0.11140000	-0.00089151	0.11140000	-0.00128345	0.11140000	-0.00045154	0.11140000	0.00163095	0.11140000	0.00027776	0.11140000	0.00061227	0.11140000	-0.00000833	0.11140000	0.00131472	0.11140000	0.00143521	0.11140000	0.00120264
0.11610000	-0.00113104	0.11610000	-0.00099356	0.11610000	-0.00141883	0.11610000	-0.00054649	0.11610000	0.00159022	0.11610000	0.00020328	0.11610000	0.00053337	0.11610000	-0.00005842	0.11610000	0.00128298	0.11610000	0.00140247	0.11610000	0.00117434
0.12080000	-0.00123798	0.12080000	-0.00109586	0.12080000	-0.00155653	0.12080000	-0.00064104	0.12080000	0.00154864	0.12080000	0.00012761	0.12080000	0.00045394	0.12080000	-0.00010745	0.12080000	0.00124978	0.12080000	0.00137174	0.12080000	0.00114596
0.12550000	-0.00134689	0.12550000	-0.00119872	0.12550000	-0.00169338	0.12550000	-0.00073754	0.12550000	0.00150572	0.12550000	0.00004975	0.12550000	0.00037314	0.12550000	-0.00015700	0.12550000	0.00121686	0.12550000	0.00133826	0.12550000	0.00111612
0.13020000	-0.00145502	0.13020000	-0.00130285	0.13020000	-0.00183221	0.13020000	-0.00083500	0.13020000	0.00146219	0.13020000	-0.00002686	0.13020000	0.00029333	0.13020000	-0.00020619	0.13020000	0.00118309	0.13020000	0.00130635	0.13020000	0.00108768
0.13490000	-0.00156355	0.13490000	-0.00140706	0.13490000	-0.00197209	0.13490000	-0.00093080	0.13490000	0.00141837	0.13490000	-0.00010190	0.13490000	0.00021031	0.13490000	-0.00025628	0.13490000	0.00114934	0.13490000	0.00127336	0.13490000	0.00105601
0.13960000	-0.00167324	0.13960000	-0.00151170	0.13960000	-0.00211318	0.13960000	-0.00102830	0.13960000	0.00137637	0.13960000	-0.00017965	0.13960000	0.00012887	0.13960000	-0.00030675	0.13960000	0.00111424	0.13960000	0.00123864	0.13960000	0.00102615
0.14430000	-0.00178331	0.14430000	-0.00161646	0.14430000	-0.00225418	0.14430000	-0.00112899	0.14430000	0.00133106	0.14430000	-0.00025726	0.14430000	0.00004277	0.14430000	-0.00035815	0.14430000	0.00107920	0.14430000	0.00120561	0.14430000	0.00099291
0.14900000	-0.00189353	0.14900000	-0.00172196	0.14900000	-0.00239684	0.14900000	-0.00122916	0.14900000	0.00128673	0.14900000	-0.00033456	0.14900000	-0.00004263	0.14900000	-0.00040944	0.14900000	0.00104357	0.14900000	0.00117172	0.14900000	0.00096140
0.15370000	-0.00200674	0.15370000	-0.00182840	0.15370000	-0.00253891	0.15370000	-0.00132916	0.15370000	0.00124230	0.15370000	-0.00041176	0.15370000	-0.00013047	0.15370000	-0.00046137	0.15370000	0.00100844	0.15370000	0.00113604	0.15370000	0.00092855
0.15840000	-0.00211795	0.15840000	-0.00193479	0.15840000	-0.00268395	0.15840000	-0.00143038	0.15840000	0.00119792	0.15840000	-0.00049018	0.15840000	-0.00021830	0.15840000	-0.00051349	0.15840000	0.00097040	0.15840000	0.00109874	0.15840000	0.00089499
0.16310000	-0.00223188	0.16310000	-0.00204176	0.16310000	-0.00282920	0.16310000	-0.00153127	0.16310000	0.00115196	0.16310000	-0.00056958	0.16310000	-0.00030479	0.16310000	-0.00056611	0.16310000	0.00093305	0.16310000	0.00106289	0.16310000	0.00086140
0.16780000	-0.00234715	0.16780000	-0.00215090	0.16780000	-0.00297670	0.16780000	-0.00163330	0.16780000	0.00110570	0.16780000	-0.00064732	0.16780000	-0.00039354	0.16780000	-0.00061922	0.16780000	0.00089544	0.16780000	0.00102704	0.16780000	0.00082643
0.17250000	-0.00246204	0.17250000	-0.00225958	0.17250000	-0.00312369	0.17250000	-0.00173781	0.17250000	0.00105870	0.17250000	-0.00072599	0.17250000	-0.00048352	0.17250000	-0.00067312	0.17250000	0.00085691	0.17250000	0.00098906	0.17250000	0.00079264
0.17720000	-0.00257816	0.17720000	-0.00236977	0.17720000	-0.00327146	0.17720000	-0.00184164	0.17720000	0.00101232	0.17720000	-0.00080512	0.17720000	-0.00057411	0.17720000	-0.00072695	0.17720000	0.00081729	0.17720000	0.00095229	0.17720000	0.00075627
0.18190000	-0.00269563	0.18190000	-0.00248263	0.18190000	-0.00342094	0.18190000	-0.00194595	0.18190000	0.00096226	0.18190000	-0.00088519	0.18190000	-0.00066484	0.18190000	-0.00078242	0.18190000	0.00077716	0.18190000	0.00091498	0.18190000	0.00071960
0.18660000	-0.00281380	0.18660000	-0.00259583	0.18660000	-0.00357232	0.18660000	-0.00205320	0.18660000	0.00091388	0.18660000	-0.00096660	0.18660000	-0.00075900	0.18660000	-0.00083748	0.18660000	0.00073773	0.18660000	0.00087795	0.18660000	0.00068240
0.19130000	-0.00293326	0.19130000	-0.00270863	0.19130000	-0.00372458	0.19130000	-0.00216127	0.19130000	0.00086609	0.19130000	-0.00104826	0.19130000	-0.00085251	0.19130000	-0.00089404	0.19130000	0.00069613	0.19130000	0.00083809	0.19130000	0.00064276
0.19595000	-0.00305307	0.19595000	-0.00282115	0.19595000	-0.00387604	0.19595000	-0.00226841	0.19595000	0.00081818	0.19595000	-0.00112879	0.19595000	-0.00094558	0.19595000	-0.00094989	0.19595000	0.00065523	0.19595000	0.00079801	0.19595000	0.00060445
0.20065000	-0.00317403	0.20065000	-0.00293561	0.20065000	-0.00403003	0.20065000	-0.00237678	0.20065000	0.00076859	0.20065000	-0.00121191	0.20065000	-0.00104156	0.20065000	-0.00100809	0.20065000	0.00061277	0.20065000	0.00075674	0.20065000	0.00056369
0.20535000	-0.00329817	0.20535000	-0.00305192	0.20535000	-0.00418405	0.20535000	-0.00248890	0.20535000	0.00071908	0.20535000	-0.00129427	0.20535000	-0.00114099	0.20535000	-0.00106530	0.20535000	0.00057050	0.20535000	0.00071593	0.20535000	0.00052161
0.21005000	-0.00342388	0.21005000	-0.00316998	0.21005000	-0.00434131	0.21005000	-0.00260177	0.21005000	0.00066489	0.21005000	-0.00137776	0.21005000	-0.00123949	0.21005000	-0.00112340	0.21005000	0.00052735	0.21005000	0.00067327	0.21005000	0.00047803
0.21475000	-0.00355004	0.21475000	-0.00328846	0.21475000	-0.00449963	0.21475000	-0.00271564	0.21475000	0.00061408	0.21475000	-0.00145996	0.21475000	-0.00133788	0.21475000	-0.00118322	0.21475000	0.00048372	0.21475000	0.00062962	0.21475000	0.00043309
0.21945000	-0.00367735	0.21945000	-0.00340797	0.21945000	-0.00465836	0.21945000	-0.00283124	0.21945000	0.00056268	0.21945000	-0.00154531	0.21945000	-0.00143706	0.21945000	-0.00124410	0.21945000	0.00043990	0.21945000	0.00058652	0.21945000	0.00038817
0.22415000	-0.00380587	0.22415000	-0.00352804	0.22415000	-0.00481955	0.22415000	-0.00294850	0.22415000	0.00050756	0.22415000	-0.00163149	0.22415000	-0.00154039	0.22415000	-0.00130521	0.22415000	0.00039440	0.22415000	0.00054016	0.22415000	0.00034008
0.22885000	-0.00393712	0.22885000	-0.00364879	0.22885000	-0.00497982	0.22885000	-0.00306792	0.22885000	0.00045353	0.22885000	-0.00171582	0.22885000	-0.00164303	0.22885000	-0.00136755	0.22885000	0.00034790	0.22885000	0.00049351	0.22885000	0.00029129
0.23355000	-0.00406957	0.23355000	-0.00377291	0.23355000	-0.00514442	0.23355000	-0.00318843	0.23355000	0.00039902	0.23355000	-0.00180360	0.23355000	-0.00174809	0.23355000	-0.00143028	0.23355000	0.00030153	0.23355000	0.00044769	0.23355000	0.00023918
0.23825000	-0.00420384	0.23825000	-0.00389790	0.23825000	-0.00530883	0.23825000	-0.00331180	0.23825000	0.00034455	0.23825000	-0.00189102	0.23825000	-0.00185598	0.23825000	-0.00149438	0.23825000	0.00025312	0.23825000	0.00040039	0.23825000	0.00018700
0.24295000	-0.00433944	0.24295000	-0.00402461	0.24295000	-0.00547339	0.24295000	-0.00343618	0.24295000	0.00028681	0.24295000	-0.00197954	0.24295000	-0.00196521	0.24295000	-0.00155992	0.24295000	0.00020594	0.24295000	0.00035138	0.24295000	0.00013273
0.24765000	-0.00447738	0.24765000	-0.00415261	0.24765000	-0.00564147	0.24765000	-0.00356216	0.24765000	0.00023000	0.24765000	-0.00206912	0.24765000	-0.00207495	0.24765000	-0.00162711	0.24765000	0.00015620	0.24765000	0.00030060	0.24765000	0.00007595
0.25235000	-0.00461822	0.25235000	-0.00428266	0.25235000	-0.00580783	0.25235000	-0.00369119	0.25235000	0.00017097	0.25235000	-0.00215864	0.25235000	-0.00218656	0.25235000	-0.00169380	0.25235000	0.00010641	0.25235000	0.00025078	0.25235000	0.00001621
0.25705000	-0.00476098	0.25705000	-0.00441473	0.25705000	-0.00597708	0.25705000	-0.00382071	0.25705000	0.00011027	0.25705000	-0.00224944	0.25705000	-0.00229684	0.25705000	-0.00176295	0.25705000	0.00005483	0.25705000	0.00019835	0.25705000	-0.00004438
0.26175000	-0.00490632	0.26175000	-0.00454896	0.26175000	-0.00614810	0.26175000	-0.00395170	0.26175000	0.00004872	0.26175000	-0.00234213	0.26175000	-0.00241194	0.26175000	-0.00183201	0.26175000	0.00000334	0.26175000	0.00014408	0.26175000	-0.00010861
0.26645000	-0.00505491	0.26645000	-0.00468396	0.26645000	-0.00632038	0.26645000	-0.00408430	0.26645000	-0.00001246	0.26645000	-0.00243589	0.26645000	-0.00252924	0.26645000	-0.00190394	0.26645000	-0.00005059	0.26645000	0.00008737	0.26645000	-0.00017485
0.27115000	-0.00520669	0.27115000	-0.00482231	0.27115000	-0.00649460	0.27115000	-0.00421946	0.27115000	-0.00007753	0.27115000	-0.00252962	0.27115000	-0.00264804	0.27115000	-0.00197600	0.27115000	-0.00010367	0.27115000	0.00003123	0.27115000	-0.00024289
0.27585000	-0.00536156	0.27585000	-0.00496363	0.27585000	-0.00666949	0.27585000	-0.00435670	0.27585000	-0.00014192	0.27585000	-0.00262428	0.27585000	-0.00276835	0.27585000	-0.00205030	0.27585000	-0.00016012	0.27585000	-0.00002628	0.27585000	-0.00031402
0.28055000	-0.00552117	0.28055000	-0.00510864	0.28055000	-0.00684493	0.28055000	-0.00449572	0.28055000	-0.00020716	0.28055000	-0.00272096	0.28055000	-0.00289125	0.28055000	-0.00212445	0.28055000	-0.00021576	0.28055000	-0.00008544	0.28055000	-0.00038810
0.28525000	-0.00568518	0.28525000	-0.00525317	0.28525000	-0.00702310	0.28525000	-0.00463780	0.28525000	-0.00027433	0.28525000	-0.00281844	0.28525000	-0.00301556	0.28525000	-0.00220093	0.28525000	-0.00027275	0.28525000	-0.00014866	0.28525000	-0.00046436
0.28995000	-0.00585301	0.28995000	-0.00540266	0.28995000	-0.00720389	0.28995000	-0.00478046	0.28995000	-0.00034369	0.28995000	-0.00291752	0.28995000	-0.00314147	0.28995000	-0.00227965	0.28995000	-0.00033139	0.28995000	-0.00021153	0.28995000	-0.00054480
0.29465000	-0.00602457	0.29465000	-0.00555479	0.29465000	-0.00738583	0.29465000	-0.00492508	0.29465000	-0.00041532	0.29465000	-0.00301807	0.29465000	-0.00327076	0.29465000	-0.00235915	0.29465000	-0.00039070	0.29465000	-0.00027618	0.29465000	-0.00062745
0.29935000	-0.00620314	0.29935000	-0.00571078	0.29935000	-0.00757079	0.29935000	-0.00507174	0.29935000	-0.00048783	0.29935000	-0.00311926	0.29935000	-0.00340284	0.29935000	-0.00243949	0.29935000	-0.00045111	0.29935000	-0.00034089	0.29935000	-0.00071196
0.30405000	-0.00638711	0.30405000	-0.00586940	0.30405000	-0.00775572	0.30405000	-0.00521988	0.30405000	-0.00056064	0.30405000	-0.00322116	0.30405000	-0.00353683	0.30405000	-0.00252133	0.30405000	-0.00051283	0.30405000	-0.00040806	0.30405000	-0.00079996
0.30870000	-0.00657539	0.30870000	-0.00603087	0.30870000	-0.00793918	0.30870000	-0.00536775	0.30870000	-0.00063670	0.30870000	-0.00332303	0.30870000	-0.00367028	0.30870000	-0.00260491	0.30870000	-0.00057633	0.30870000	-0.00047665	0.30870000	-0.00088853
0.31340000	-0.00677610	0.31340000	-0.00619879	0.31340000	-0.00812891	0.31340000	-0.00551860	0.31340000	-0.00071422	0.31340000	-0.00342810	0.31340000	-0.00381020	0.31340000	-0.00268910	0.31340000	-0.00064192	0.31340000	-0.00054802	0.31340000	-0.00098190
0.31810000	-0.00698814	0.31810000	-0.00637269	0.31810000	-0.00831956	0.31810000	-0.00567138	0.31810000	-0.00079275	0.31810000	-0.00353518	0.31810000	-0.00395314	0.31810000	-0.00277598	0.31810000	-0.00070928	0.31810000	-0.00062014	0.31810000	-0.00107851
0.32280000	-0.00721021	0.32280000	-0.00655274	0.32280000	-0.00851208	0.32280000	-0.00582565	0.32280000	-0.00087443	0.32280000	-0.00364364	0.32280000	-0.00409745	0.32280000	-0.00286484	0.32280000	-0.00077729	0.32280000	-0.00069528	0.32280000	-0.00117622
0.32750000	-0.00744333	0.32750000	-0.00673536	0.32750000	-0.00870727	0.32750000	-0.00598212	0.32750000	-0.00095645	0.32750000	-0.00375245	0.32750000	-0.00424709	0.32750000	-0.00295702	0.32750000	-0.00084672	0.32750000	-0.00077277	0.32750000	-0.00127788
0.33220000	-0.00769610	0.33220000	-0.00689733	0.33220000	-0.00890445	0.33220000	-0.00614038	0.33220000	-0.00104090	0.33220000	-0.00386209	0.33220000	-0.00439921	0.33220000	-0.00305000	0.33220000	-0.00091890	0.33220000	-0.00085179	0.33220000	-0.00138057
0.33690000	-0.00796992	0.33690000	-0.00709049	0.33690000	-0.00910539	0.33690000	-0.00629947	0.33690000	-0.00112659	0.33690000	-0.00397469	0.33690000	-0.00455464	0.33690000	-0.00314586	0.33690000	-0.00099210	0.33690000	-0.00093127	0.33690000	-0.00148560
0.34160000	-0.00826957	0.34160000	-0.00729968	0.34160000	-0.00930747	0.34160000	-0.00646008	0.34160000	-0.00121465	0.34160000	-0.00408782	0.34160000	-0.00471578	0.34160000	-0.00324076	0.34160000	-0.00106738	0.34160000	-0.00101418	0.34160000	-0.00159251
0.34630000	-0.00860413	0.34630000	-0.00751152	0.34630000	-0.00951346	0.34630000	-0.00662312	0.34630000	-0.00130489	0.34630000	-0.00420403	0.34630000	-0.00488063	0.34630000	-0.00333973	0.34630000	-0.00114352	0.34630000	-0.00109661	0.34630000	-0.00170068
0.35100000	-0.00898146	0.35100000	-0.00774029	0.35100000	-0.00972244	0.35100000	-0.00678768	0.35100000	-0.00139629	0.35100000	-0.00432069	0.35100000	-0.00504986	0.35100000	-0.00344147	0.35100000	-0.00122276	0.35100000	-0.00118255	0.35100000	-0.00181083
0.35570000	-0.00943736	0.35570000	-0.00798003	0.35570000	-0.00993399	0.35570000	-0.00695387	0.35570000	-0.00148969	0.35570000	-0.00443908	0.35570000	-0.00522475	0.35570000	-0.00354263	0.35570000	-0.00130331	0.35570000	-0.00127061	0.35570000	-0.00192274
0.36040000	-0.00999704	0.36040000	-0.00823377	0.36040000	-0.00999994	0.36040000	-0.00712201	0.36040000	-0.00158430	0.36040000	-0.00455803	0.36040000	-0.00540352	0.36040000	-0.00364782	0.36040000	-0.00138533	0.36040000	-0.00135830	0.36040000	-0.00203701
0.36510000	-0.00999994	0.36510000	-0.00851180	0.36510000	-0.00999992	0.36510000	-0.00729092	0.36510000	-0.00167983	0.36510000	-0.00467977	0.36510000	-0.00559168	0.36510000	-0.00375568	0.36510000	-0.00146899	0.36510000	-0.00144791	0.36510000	-0.00215139
0.36980000	-0.00999993	0.36980000	-0.00881022	0.36980000	-0.00999991	0.36980000	-0.00746192	0.36980000	-0.00177663	0.36980000	-0.00480204	0.36980000	-0.00578393	0.36980000	-0.00386537	0.36980000	-0.00155374	0.36980000	-0.00153888	0.36980000	-0.00226780
0.37450000	-0.00999994	0.37450000	-0.00913150	0.37450000	-0.00999991	0.37450000	-0.00763400	0.37450000	-0.00187489	0.37450000	-0.00492510	0.37450000	-0.00598663	0.37450000	-0.00397744	0.37450000	-0.00163989	0.37450000	-0.00163064	0.37450000	-0.00238574
0.37920000	-0.00999993	0.37920000	-0.00942690	0.37920000	-0.00999992	0.37920000	-0.00780861	0.37920000	-0.00197549	0.37920000	-0.00505193	0.37920000	-0.00619748	0.37920000	-0.00409257	0.37920000	-0.00172840	0.37920000	-0.00172385	0.37920000	-0.00250411
0.38390000	-0.00999993	0.38390000	-0.00985119	0.38390000	-0.00999989	0.38390000	-0.00798394	0.38390000	-0.00207464	0.38390000	-0.00517843	0.38390000	-0.00641696	0.38390000	-0.00420770	0.38390000	-0.00181771	0.38390000	-0.00181792	0.38390000	-0.00262292
0.38860000	-0.00999992	0.38860000	-0.00999992	0.38860000	-0.00999993	0.38860000	-0.00816317	0.38860000	-0.00217615	0.38860000	-0.00530754	0.38860000	-0.00665041	0.38860000	-0.00432811	0.38860000	-0.00190922	0.38860000	-0.00191343	0.38860000	-0.00274323
0.39330000	-0.00999993	0.39330000	-0.00999992	0.39330000	-0.00999993	0.39330000	-0.00834262	0.39330000	-0.00227855	0.39330000	-0.00543953	0.39330000	-0.00689416	0.39330000	-0.00445107	0.39330000	-0.00200125	0.39330000	-0.00201014	0.39330000	-0.00286433
0.39800000	-0.00999992	0.39800000	-0.00999993	0.39800000	-0.00999992	0.39800000	-0.00852496	0.39800000	-0.00238205	0.39800000	-0.00557147	0.39800000	-0.00715807	0.39800000	-0.00457792	0.39800000	-0.00209462	0.39800000	-0.00210786	0.39800000	-0.00298654
0.40270000	-0.00999994	0.40270000	-0.00999993	0.40270000	-0.00999992	0.40270000	-0.00870978	0.40270000	-0.00248548	0.40270000	-0.00570483	0.40270000	-0.00744249	0.40270000	-0.00470779	0.40270000	-0.00218924	0.40270000	-0.00220638	0.40270000	-0.00310971
0.40740000	-0.00999999	0.40740000	-0.00999992	0.40740000	-0.00999993	0.40740000	-0.00889632	0.40740000	-0.00259058	0.40740000	-0.00584167	0.40740000	-0.00775467	0.40740000	-0.00483976	0.40740000	-0.00228440	0.40740000	-0.00230524	0.40740000	-0.00323438
0.41210000	-0.00999990	0.41210000	-0.00999992	0.41210000	-0.00999993	0.41210000	-0.00908569	0.41210000	-0.00269659	0.41210000	-0.00597952	0.41210000	-0.00808936	0.41210000	-0.00497810	0.41210000	-0.00238118	0.41210000	-0.00240524	0.41210000	-0.00335874
0.41680000	-0.00999991	0.41680000	-0.00999992	0.41680000	-0.00999991	0.41680000	-0.00927768	0.41680000	-0.00280316	0.41680000	-0.00612105	0.41680000	-0.00847951	0.41680000	-0.00511815	0.41680000	-0.00247901	0.41680000	-0.00250670	0.41680000	-0.00348496
0.42150000	-0.00999993	0.42150000	-0.00999991	0.42150000	-0.00999992	0.42150000	-0.00947249	0.42150000	-0.00291100	0.42150000	-0.00626352	0.42150000	-0.00891611	0.42150000	-0.00526281	0.42150000	-0.00257870	0.42150000	-0.00260843	0.42150000	-0.00361255
0.42615000	-0.00999993	0.42615000	-0.00999992	0.42615000	-0.00999994	0.42615000	-0.00966931	0.42615000	-0.00301797	0.42615000	-0.00640899	0.42615000	-0.00943852	0.42615000	-0.00540935	0.42615000	-0.00267823	0.42615000	-0.00271008	0.42615000	-0.00373775
0.43085000	-0.00999993	0.43085000	-0.00999992	0.43085000	-0.00999988	0.43085000	-0.00987011	0.43085000	-0.00312695	0.43085000	-0.00655730	0.43085000	-0.00999993	0.43085000	-0.00556415	0.43085000	-0.00277859	0.43085000	-0.00281359	0.43085000	-0.00386490
0.43555000	-0.00999993	0.43555000	-0.00999991	0.43555000	-0.00999993	0.43555000	-0.00999992	0.43555000	-0.00323646	0.43555000	-0.00670675	0.43555000	-0.00999992	0.43555000	-0.00572629	0.43555000	-0.00288073	0.43555000	-0.00291771	0.43555000	-0.00399375
0.44025000	-0.00999993	0.44025000	-0.00999992	0.44025000	-0.00999991	0.44025000	-0.00999992	0.44025000	-0.00334498	0.44025000	-0.00685949	0.44025000	-0.00999992	0.44025000	-0.00589433	0.44025000	-0.00298343	0.44025000	-0.00302287	0.44025000	-0.00412328
0.44495000	-0.00999993	0.44495000	-0.00999992	0.44495000	-0.00999992	0.44495000	-0.00999992	0.44495000	-0.00345550	0.44495000	-0.00701580	0.44495000	-0.00999992	0.44495000	-0.00606909	0.44495000	-0.00308756	0.44495000	-0.00312773	0.44495000	-0.00425425
0.44965000	-0.00999993	0.44965000	-0.00999992	0.44965000	-0.00999992	0.44965000	-0.00999992	0.44965000	-0.00356575	0.44965000	-0.00717470	0.44965000	-0.00999992	0.44965000	-0.00625110	0.44965000	-0.00319210	0.44965000	-0.00323293	0.44965000	-0.00438543
0.45435000	-0.00999993	0.45435000	-0.00999992	0.45435000	-0.00999992	0.45435000	-0.00999992	0.45435000	-0.00367633	0.45435000	-0.00733805	0.45435000	-0.00999991	0.45435000	-0.00644692	0.45435000	-0.00329931	0.45435000	-0.00333937	0.45435000	-0.00451989
0.45905000	-0.00999994	0.45905000	-0.00999992	0.45905000	-0.00999992	0.45905000	-0.00999992	0.45905000	-0.00378882	0.45905000	-0.00750505	0.45905000	-0.00999991	0.45905000	-0.00665022	0.45905000	-0.00340677	0.45905000	-0.00344738	0.45905000	-0.00465522
0.46375000	-0.00999993	0.46375000	-0.00999992	0.46375000	-0.00999992	0.46375000	-0.00999992	0.46375000	-0.00390201	0.46375000	-0.00767734	0.46375000	-0.00999991	0.46375000	-0.00686612	0.46375000	-0.00351473	0.46375000	-0.00355608	0.46375000	-0.00479117
0.46845000	-0.00999991	0.46845000	-0.00999992	0.46845000	-0.00999992	0.46845000	-0.00999992	0.46845000	-0.00401499	0.46845000	-0.00785316	0.46845000	-0.00999992	0.46845000	-0.00709668	0.46845000	-0.00362409	0.46845000	-0.00366528	0.46845000	-0.00492874
0.47315000	-0.00999993	0.47315000	-0.00999990	0.47315000	-0.00999992	0.47315000	-0.00999992	0.47315000	-0.00412870	0.47315000	-0.00803433	0.47315000	-0.00999992	0.47315000	-0.00734417	0.47315000	-0.00373541	0.47315000	-0.00377541	0.47315000	-0.00506726
0.47785000	-0.00999992	0.47785000	-0.00999993	0.47785000	-0.00999992	0.47785000	-0.00999992	0.47785000	-0.00424277	0.47785000	-0.00821966	0.47785000	-0.00999992	0.47785000	-0.00761916	0.47785000	-0.00384730	0.47785000	-0.00388655	0.47785000	-0.00520700
0.48255000	-0.00999992	0.48255000	-0.00999992	0.48255000	-0.00999992	0.48255000	-0.00999992	0.48255000	-0.00435796	0.48255000	-0.00841380	0.48255000	-0.00999992	0.48255000	-0.00792343	0.48255000	-0.00396126	0.48255000	-0.00399897	0.48255000	-0.00534852
0.48725000	-0.00999992	0.48725000	-0.00999992	0.48725000	-0.00999992	0.48725000	-0.00999992	0.48725000	-0.00447408	0.48725000	-0.00861438	0.48725000	-0.00999991	0.48725000	-0.00826125	0.48725000	-0.00407588	0.48725000	-0.00411213	0.48725000	-0.00549232
0.49195000	-0.00999991	0.49195000	-0.00999993	0.49195000	-0.00999993	0.49195000	-0.00999991	0.49195000	-0.00459053	0.49195000	-0.00882447	0.49195000	-0.00999992	0.49195000	-0.00866052	0.49195000	-0.00419277	0.49195000	-0.00422667	0.49195000	-0.00563802
0.49665000	-0.00999992	0.49665000	-0.00999991	0.49665000	-0.00999992	0.49665000	-0.00999992	0.49665000	-0.00470737	0.49665000	-0.00904300	0.49665000	-0.00999992	0.49665000	-0.00915048	0.49665000	-0.00430999	0.49665000	-0.00434211	0.49665000	-0.00578561
0.50135000	-0.00999992	0.50135000	-0.00999992	0.50135000	-0.00999993	0.50135000	-0.00999992	0.50135000	-0.00482513	0.50135000	-0.00927430	0.50135000	-0.00999991	0.50135000	-0.00984871	0.50135000	-0.00442905	0.50135000	-0.00445870	0.50135000	-0.00593564
0.50605000	-0.00999992	0.50605000	-0.00999993	0.50605000	-0.00999992	0.50605000	-0.00999992	0.50605000	-0.00494355	0.50605000	-0.00951883	0.50605000	-0.00999992	0.50605000	-0.00999994	0.50605000	-0.00455048	0.50605000	-0.00457721	0.50605000	-0.00608794
0.51075000	-0.00999991	0.51075000	-0.00999991	0.51075000	-0.00999992	0.51075000	-0.00999991	0.51075000	-0.00506381	0.51075000	-0.00977615	0.51075000	-0.00999992	0.51075000	-0.00999993	0.51075000	-0.00467427	0.51075000	-0.00469650	0.51075000	-0.00624333
0.51545000	-0.00999992	0.51545000	-0.00999992	0.51545000	-0.00999992	0.51545000	-0.00999992	0.51545000	-0.00518362	0.51545000	-0.00999992	0.51545000	-0.00999991	0.51545000	-0.00999991	0.51545000	-0.00479979	0.51545000	-0.00481712	0.51545000	-0.00640195
0.52015000	-0.00999993	0.52015000	-0.00999991	0.52015000	-0.00999992	0.52015000	-0.00999993	0.52015000	-0.00530476	0.52015000	-0.00999991	0.52015000	-0.00999991	0.52015000	-0.00999993	0.52015000	-0.00492754	0.52015000	-0.00493896	0.52015000	-0.00656313
0.52485000	-0.00999991	0.52485000	-0.00999991	0.52485000	-0.00999992	0.52485000	-0.00999992	0.52485000	-0.00542630	0.52485000	-0.00999991	0.52485000	-0.00999991	0.52485000	-0.00999992	0.52485000	-0.00505820	0.52485000	-0.00506294	0.52485000	-0.00672781
0.52955000	-0.00999991	0.52955000	-0.00999991	0.52955000	-0.00999991	0.52955000	-0.00999993	0.52955000	-0.00554897	0.52955000	-0.00999991	0.52955000	-0.00999991	0.52955000	-0.00999993	0.52955000	-0.00519344	0.52955000	-0.00518894	0.52955000	-0.00689602
0.53425000	-0.00999991	0.53425000	-0.00999992	0.53425000	-0.00999991	0.53425000	-0.00999993	0.53425000	-0.00567304	0.53425000	-0.00999991	0.53425000	-0.00999991	0.53425000	-0.00999992	0.53425000	-0.00533123	0.53425000	-0.00531598	0.53425000	-0.00706860
0.53895000	-0.00999991	0.53895000	-0.00999992	0.53895000	-0.00999991	0.53895000	-0.00999992	0.53895000	-0.00579833	0.53895000	-0.00999991	0.53895000	-0.00999991	0.53895000	-0.00999992	0.53895000	-0.00547249	0.53895000	-0.00544462	0.53895000	-0.00724624
0.54360000	-0.00999992	0.54360000	-0.00999991	0.54360000	-0.00999992	0.54360000	-0.00999993	0.54360000	-0.00592180	0.54360000	-0.00999991	0.54360000	-0.00999992	0.54360000	-0.00999991	0.54360000	-0.00561724	0.54360000	-0.00557357	0.54360000	-0.00742635
0.54830000	-0.00999991	0.54830000	-0.00999992	0.54830000	-0.00999992	0.54830000	-0.00999992	0.54830000	-0.00604618	0.54830000	-0.00999991	0.54830000	-0.00999991	0.54830000	-0.00999993	0.54830000	-0.00576687	0.54830000	-0.00570772	0.54830000	-0.00761353
0.55300000	-0.00999992	0.55300000	-0.00999991	0.55300000	-0.00999993	0.55300000	-0.00999993	0.55300000	-0.00617493	0.55300000	-0.00999991	0.55300000	-0.00999992	0.55300000	-0.00999992	0.55300000	-0.00592013	0.55300000	-0.00584352	0.55300000	-0.00780503
0.55770000	-0.00999991	0.55770000	-0.00999991	0.55770000	-0.00999992	0.55770000	-0.00999992	0.55770000	-0.00630493	0.55770000	-0.00999992	0.55770000	-0.00999991	0.55770000	-0.00999993	0.55770000	-0.00608036	0.55770000	-0.00598120	0.55770000	-0.00800444
0.56240000	-0.00999992	0.56240000	-0.00999992	0.56240000	-0.00999991	0.56240000	-0.00999992	0.56240000	-0.00643921	0.56240000	-0.00999991	0.56240000	-0.00999992	0.56240000	-0.00999993	0.56240000	-0.00624239	0.56240000	-0.00612131	0.56240000	-0.00821152
0.56710000	-0.00999991	0.56710000	-0.00999992	0.56710000	-0.00999991	0.56710000	-0.00999992	0.56710000	-0.00657611	0.56710000	-0.00999992	0.56710000	-0.00999992	0.56710000	-0.00999993	0.56710000	-0.00641557	0.56710000	-0.00626034	0.56710000	-0.00842803
0.57180000	-0.00999991	0.57180000	-0.00999991	0.57180000	-0.00999991	0.57180000	-0.00999992	0.57180000	-0.00671293	0.57180000	-0.00999992	0.57180000	-0.00999993	0.57180000	-0.00999992	0.57180000	-0.00659500	0.57180000	-0.00640395	0.57180000	-0.00865503
0.57650000	-0.00999991	0.57650000	-0.00999992	0.57650000	-0.00999991	0.57650000	-0.00999992	0.57650000	-0.00684957	0.57650000	-0.00999991	0.57650000	-0.00999991	0.57650000	-0.00999993	0.57650000	-0.00678483	0.57650000	-0.00655428	0.57650000	-0.00889347
0.58120000	-0.00999992	0.58120000	-0.00999992	0.58120000	-0.00999992	0.58120000	-0.00999992	0.58120000	-0.00698983	0.58120000	-0.00999991	0.58120000	-0.00999992	0.58120000	-0.00999994	0.58120000	-0.00698296	0.58120000	-0.00670477	0.58120000	-0.00914322
0.58590000	-0.00999992	0.58590000	-0.00999991	0.58590000	-0.00999992	0.58590000	-0.00999992	0.58590000	-0.00713420	0.58590000	-0.00999992	0.58590000	-0.00999991	0.58590000	-0.00999992	0.58590000	-0.00719428	0.58590000	-0.00686132	0.58590000	-0.00941277
0.59060000	-0.00999992	0.59060000	-0.00999991	0.59060000	-0.00999992	0.59060000	-0.00999992	0.59060000	-0.00727675	0.59060000	-0.00999991	0.59060000	-0.00999991	0.59060000	-0.00999992	0.59060000	-0.00742018	0.59060000	-0.00702198	0.59060000	-0.00970455
0.59530000	-0.00999992	0.59530000	-0.00999991	0.59530000	-0.00999991	0.59530000	-0.00999992	0.59530000	-0.00742547	0.59530000	-0.00999991	0.59530000	-0.00999992	0.59530000	-0.00999992	0.59530000	-0.00766203	0.59530000	-0.00718966	0.59530000	-0.00999997
0.60000000	-0.00999992	0.60000000	-0.00999991	0.60000000	-0.00999993	0.60000000	-0.00999992	0.60000000	-0.00757358	0.60000000	-0.00999992	0.60000000	-0.00999991	0.60000000	-0.00999992	0.60000000	-0.00792595	0.60000000	-0.00736240	0.60000000	-0.00999992
