Mo_400deg_400Sb_35Se_1 2026-07-09 13-06-40		Mo_400deg_400Sb_35Se_2 2026-07-09 13-08-33		Mo_400deg_400Sb_35Se_3 2026-07-09 13-10-06		Mo_400deg_400Sb_35Se_6 2026-07-09 13-11-56		Mo_400deg_400Sb_35Se_10 2026-07-09 13-20-38		Mo_400deg_400Sb_35Se_11 2026-07-09 13-22-13		Mo_400deg_400Sb_35Se_12 2026-07-09 13-23-33		Mo_400deg_400Sb_35Se_7 2026-07-09 13-25-31		Mo_400deg_400Sb_35Se_8 2026-07-09 13-26-50		Mo_400deg_400Sb_35Se_9 2026-07-09 13-28-07	
Vmeas	Imeas	Vmeas	Imeas	Vmeas	Imeas	Vmeas	Imeas	Vmeas	Imeas	Vmeas	Imeas	Vmeas	Imeas	Vmeas	Imeas	Vmeas	Imeas	Vmeas	Imeas
-0.10000000	0.00212861	-0.10000000	0.00245592	-0.10000000	0.00238425	-0.10000000	0.00377308	-0.10000000	0.00282620	-0.10000000	0.00255390	-0.10000000	0.00245461	-0.10000000	0.00331895	-0.10000000	0.00321296	-0.10000000	0.00290090
-0.09530000	0.00208953	-0.09530000	0.00243218	-0.09530000	0.00234999	-0.09530000	0.00370656	-0.09530000	0.00275712	-0.09530000	0.00251547	-0.09530000	0.00241005	-0.09530000	0.00325481	-0.09530000	0.00312437	-0.09530000	0.00281091
-0.09060000	0.00204978	-0.09060000	0.00240826	-0.09060000	0.00231401	-0.09060000	0.00363926	-0.09060000	0.00268636	-0.09060000	0.00247617	-0.09060000	0.00236448	-0.09060000	0.00318802	-0.09060000	0.00303687	-0.09060000	0.00272013
-0.08590000	0.00201095	-0.08590000	0.00238351	-0.08590000	0.00227759	-0.08590000	0.00357133	-0.08590000	0.00261544	-0.08590000	0.00243780	-0.08590000	0.00231853	-0.08590000	0.00312082	-0.08590000	0.00294928	-0.08590000	0.00262963
-0.08120000	0.00197193	-0.08120000	0.00235780	-0.08120000	0.00224170	-0.08120000	0.00350409	-0.08120000	0.00254585	-0.08120000	0.00239834	-0.08120000	0.00227365	-0.08120000	0.00305281	-0.08120000	0.00286135	-0.08120000	0.00253992
-0.07650000	0.00193169	-0.07650000	0.00233338	-0.07650000	0.00220511	-0.07650000	0.00343988	-0.07650000	0.00247630	-0.07650000	0.00235982	-0.07650000	0.00222881	-0.07650000	0.00298846	-0.07650000	0.00277422	-0.07650000	0.00244991
-0.07180000	0.00189285	-0.07180000	0.00230797	-0.07180000	0.00216712	-0.07180000	0.00336861	-0.07180000	0.00240576	-0.07180000	0.00231985	-0.07180000	0.00218324	-0.07180000	0.00292213	-0.07180000	0.00268657	-0.07180000	0.00236046
-0.06710000	0.00185322	-0.06710000	0.00228381	-0.06710000	0.00213060	-0.06710000	0.00330342	-0.06710000	0.00233492	-0.06710000	0.00228061	-0.06710000	0.00213807	-0.06710000	0.00285540	-0.06710000	0.00259915	-0.06710000	0.00227035
-0.06240000	0.00181410	-0.06240000	0.00225825	-0.06240000	0.00209470	-0.06240000	0.00323691	-0.06240000	0.00226461	-0.06240000	0.00224096	-0.06240000	0.00209298	-0.06240000	0.00278821	-0.06240000	0.00251109	-0.06240000	0.00218018
-0.05770000	0.00177385	-0.05770000	0.00223319	-0.05770000	0.00205885	-0.05770000	0.00316794	-0.05770000	0.00219488	-0.05770000	0.00220265	-0.05770000	0.00204708	-0.05770000	0.00272250	-0.05770000	0.00242280	-0.05770000	0.00208954
-0.05300000	0.00173228	-0.05300000	0.00220647	-0.05300000	0.00202284	-0.05300000	0.00309876	-0.05300000	0.00212466	-0.05300000	0.00216157	-0.05300000	0.00200221	-0.05300000	0.00265700	-0.05300000	0.00233382	-0.05300000	0.00199982
-0.04830000	0.00169296	-0.04830000	0.00218269	-0.04830000	0.00198597	-0.04830000	0.00302943	-0.04830000	0.00205345	-0.04830000	0.00212171	-0.04830000	0.00195753	-0.04830000	0.00258941	-0.04830000	0.00224520	-0.04830000	0.00191014
-0.04360000	0.00165271	-0.04360000	0.00215699	-0.04360000	0.00194798	-0.04360000	0.00295992	-0.04360000	0.00198387	-0.04360000	0.00208335	-0.04360000	0.00191107	-0.04360000	0.00252296	-0.04360000	0.00215607	-0.04360000	0.00182022
-0.03895000	0.00161207	-0.03895000	0.00212940	-0.03895000	0.00191223	-0.03895000	0.00289246	-0.03895000	0.00191351	-0.03895000	0.00204322	-0.03895000	0.00186480	-0.03895000	0.00245620	-0.03895000	0.00206820	-0.03895000	0.00173037
-0.03425000	0.00157119	-0.03425000	0.00210369	-0.03425000	0.00187609	-0.03425000	0.00282201	-0.03425000	0.00184333	-0.03425000	0.00200184	-0.03425000	0.00181908	-0.03425000	0.00238931	-0.03425000	0.00197963	-0.03425000	0.00164012
-0.02955000	0.00152977	-0.02955000	0.00207909	-0.02955000	0.00184038	-0.02955000	0.00275336	-0.02955000	0.00177327	-0.02955000	0.00196149	-0.02955000	0.00177367	-0.02955000	0.00232257	-0.02955000	0.00189179	-0.02955000	0.00155022
-0.02485000	0.00148934	-0.02485000	0.00205228	-0.02485000	0.00180059	-0.02485000	0.00268502	-0.02485000	0.00170206	-0.02485000	0.00192201	-0.02485000	0.00172894	-0.02485000	0.00225623	-0.02485000	0.00180383	-0.02485000	0.00146072
-0.02015000	0.00144832	-0.02015000	0.00202675	-0.02015000	0.00176406	-0.02015000	0.00261567	-0.02015000	0.00163170	-0.02015000	0.00188256	-0.02015000	0.00168159	-0.02015000	0.00218711	-0.02015000	0.00171620	-0.02015000	0.00137110
-0.01545000	0.00140676	-0.01545000	0.00200037	-0.01545000	0.00172726	-0.01545000	0.00254451	-0.01545000	0.00156093	-0.01545000	0.00184293	-0.01545000	0.00163539	-0.01545000	0.00212008	-0.01545000	0.00162637	-0.01545000	0.00128123
-0.01075000	0.00136694	-0.01075000	0.00197470	-0.01075000	0.00168990	-0.01075000	0.00247441	-0.01075000	0.00148968	-0.01075000	0.00180092	-0.01075000	0.00158965	-0.01075000	0.00205350	-0.01075000	0.00153758	-0.01075000	0.00119111
-0.00605000	0.00132576	-0.00605000	0.00194793	-0.00605000	0.00165204	-0.00605000	0.00240434	-0.00605000	0.00141905	-0.00605000	0.00175973	-0.00605000	0.00154269	-0.00605000	0.00198544	-0.00605000	0.00144916	-0.00605000	0.00110126
-0.00135000	0.00128444	-0.00135000	0.00192224	-0.00135000	0.00161301	-0.00135000	0.00233321	-0.00135000	0.00134753	-0.00135000	0.00171800	-0.00135000	0.00149611	-0.00135000	0.00191791	-0.00135000	0.00135928	-0.00135000	0.00101097
0.00335000	0.00124256	0.00335000	0.00189427	0.00335000	0.00157463	0.00335000	0.00226443	0.00335000	0.00127586	0.00335000	0.00167763	0.00335000	0.00144970	0.00335000	0.00185007	0.00335000	0.00126827	0.00335000	0.00091913
0.00805000	0.00120052	0.00805000	0.00186786	0.00805000	0.00153751	0.00805000	0.00219365	0.00805000	0.00120491	0.00805000	0.00163702	0.00805000	0.00140469	0.00805000	0.00178174	0.00805000	0.00117946	0.00805000	0.00082839
0.01275000	0.00115878	0.01275000	0.00184027	0.01275000	0.00149996	0.01275000	0.00212254	0.01275000	0.00113371	0.01275000	0.00159665	0.01275000	0.00135668	0.01275000	0.00171441	0.01275000	0.00108977	0.01275000	0.00073751
0.01745000	0.00111656	0.01745000	0.00181239	0.01745000	0.00146119	0.01745000	0.00205041	0.01745000	0.00106236	0.01745000	0.00155472	0.01745000	0.00131139	0.01745000	0.00164683	0.01745000	0.00100063	0.01745000	0.00064641
0.02215000	0.00107408	0.02215000	0.00178505	0.02215000	0.00142110	0.02215000	0.00197957	0.02215000	0.00099096	0.02215000	0.00151285	0.02215000	0.00126432	0.02215000	0.00157894	0.02215000	0.00091080	0.02215000	0.00055536
0.02685000	0.00103237	0.02685000	0.00175683	0.02685000	0.00138323	0.02685000	0.00190676	0.02685000	0.00091870	0.02685000	0.00147215	0.02685000	0.00121754	0.02685000	0.00151198	0.02685000	0.00082033	0.02685000	0.00046467
0.03155000	0.00099061	0.03155000	0.00173086	0.03155000	0.00134556	0.03155000	0.00183657	0.03155000	0.00084729	0.03155000	0.00143263	0.03155000	0.00116999	0.03155000	0.00144400	0.03155000	0.00073156	0.03155000	0.00037437
0.03625000	0.00094795	0.03625000	0.00170369	0.03625000	0.00130636	0.03625000	0.00176561	0.03625000	0.00077586	0.03625000	0.00139038	0.03625000	0.00112423	0.03625000	0.00137649	0.03625000	0.00064083	0.03625000	0.00028301
0.04095000	0.00090555	0.04095000	0.00167658	0.04095000	0.00126651	0.04095000	0.00169330	0.04095000	0.00070434	0.04095000	0.00134854	0.04095000	0.00107718	0.04095000	0.00130668	0.04095000	0.00054995	0.04095000	0.00019151
0.04565000	0.00086209	0.04565000	0.00164836	0.04565000	0.00122723	0.04565000	0.00161944	0.04565000	0.00063259	0.04565000	0.00130646	0.04565000	0.00103039	0.04565000	0.00123846	0.04565000	0.00045843	0.04565000	0.00009979
0.05035000	0.00081915	0.05035000	0.00162064	0.05035000	0.00118836	0.05035000	0.00154809	0.05035000	0.00055999	0.05035000	0.00126458	0.05035000	0.00098342	0.05035000	0.00117063	0.05035000	0.00036718	0.05035000	0.00000777
0.05505000	0.00077653	0.05505000	0.00159129	0.05505000	0.00114854	0.05505000	0.00147599	0.05505000	0.00048740	0.05505000	0.00122327	0.05505000	0.00093688	0.05505000	0.00110244	0.05505000	0.00027654	0.05505000	-0.00008547
0.05975000	0.00073287	0.05975000	0.00156479	0.05975000	0.00110835	0.05975000	0.00140158	0.05975000	0.00041479	0.05975000	0.00118072	0.05975000	0.00088955	0.05975000	0.00103309	0.05975000	0.00018527	0.05975000	-0.00017898
0.06445000	0.00069110	0.06445000	0.00153667	0.06445000	0.00106820	0.06445000	0.00132829	0.06445000	0.00034288	0.06445000	0.00114007	0.06445000	0.00084234	0.06445000	0.00096388	0.06445000	0.00009388	0.06445000	-0.00027171
0.06915000	0.00064775	0.06915000	0.00150876	0.06915000	0.00102846	0.06915000	0.00125509	0.06915000	0.00027227	0.06915000	0.00109731	0.06915000	0.00079529	0.06915000	0.00089516	0.06915000	-0.00000010	0.06915000	-0.00036511
0.07385000	0.00060415	0.07385000	0.00147908	0.07385000	0.00098796	0.07385000	0.00117986	0.07385000	0.00020021	0.07385000	0.00105516	0.07385000	0.00074734	0.07385000	0.00082612	0.07385000	-0.00009262	0.07385000	-0.00045871
0.07850000	0.00056131	0.07850000	0.00145222	0.07850000	0.00094758	0.07850000	0.00110534	0.07850000	0.00012694	0.07850000	0.00101256	0.07850000	0.00069989	0.07850000	0.00075847	0.07850000	-0.00018524	0.07850000	-0.00055077
0.08320000	0.00051690	0.08320000	0.00142350	0.08320000	0.00090684	0.08320000	0.00103118	0.08320000	0.00005415	0.08320000	0.00096939	0.08320000	0.00065278	0.08320000	0.00068918	0.08320000	-0.00027755	0.08320000	-0.00064488
0.08790000	0.00047352	0.08790000	0.00139580	0.08790000	0.00086518	0.08790000	0.00095299	0.08790000	-0.00001805	0.08790000	0.00092627	0.08790000	0.00060542	0.08790000	0.00062070	0.08790000	-0.00037046	0.08790000	-0.00073958
0.09260000	0.00042975	0.09260000	0.00136634	0.09260000	0.00082461	0.09260000	0.00087950	0.09260000	-0.00009100	0.09260000	0.00088283	0.09260000	0.00055778	0.09260000	0.00055098	0.09260000	-0.00046428	0.09260000	-0.00083457
0.09730000	0.00038583	0.09730000	0.00133506	0.09730000	0.00078101	0.09730000	0.00080470	0.09730000	-0.00016541	0.09730000	0.00083963	0.09730000	0.00050951	0.09730000	0.00048177	0.09730000	-0.00055775	0.09730000	-0.00092942
0.10200000	0.00034174	0.10200000	0.00130615	0.10200000	0.00074022	0.10200000	0.00072763	0.10200000	-0.00023823	0.10200000	0.00079543	0.10200000	0.00046227	0.10200000	0.00041373	0.10200000	-0.00065035	0.10200000	-0.00102417
0.10670000	0.00029759	0.10670000	0.00127543	0.10670000	0.00069883	0.10670000	0.00065146	0.10670000	-0.00031049	0.10670000	0.00075158	0.10670000	0.00041385	0.10670000	0.00034463	0.10670000	-0.00074390	0.10670000	-0.00112104
0.11140000	0.00025328	0.11140000	0.00124668	0.11140000	0.00065764	0.11140000	0.00057416	0.11140000	-0.00038377	0.11140000	0.00070746	0.11140000	0.00036506	0.11140000	0.00027528	0.11140000	-0.00083820	0.11140000	-0.00121733
0.11610000	0.00020845	0.11610000	0.00121758	0.11610000	0.00061257	0.11610000	0.00049742	0.11610000	-0.00045790	0.11610000	0.00066317	0.11610000	0.00031651	0.11610000	0.00020418	0.11610000	-0.00093103	0.11610000	-0.00131360
0.12080000	0.00016365	0.12080000	0.00118858	0.12080000	0.00057195	0.12080000	0.00041804	0.12080000	-0.00053187	0.12080000	0.00062000	0.12080000	0.00026858	0.12080000	0.00013410	0.12080000	-0.00102584	0.12080000	-0.00141047
0.12550000	0.00011823	0.12550000	0.00115773	0.12550000	0.00052891	0.12550000	0.00033911	0.12550000	-0.00060533	0.12550000	0.00057636	0.12550000	0.00021953	0.12550000	0.00006388	0.12550000	-0.00112383	0.12550000	-0.00150807
0.13020000	0.00007233	0.13020000	0.00112605	0.13020000	0.00048573	0.13020000	0.00026132	0.13020000	-0.00067727	0.13020000	0.00053026	0.13020000	0.00017005	0.13020000	-0.00000681	0.13020000	-0.00121894	0.13020000	-0.00160469
0.13490000	0.00002691	0.13490000	0.00109374	0.13490000	0.00044194	0.13490000	0.00018343	0.13490000	-0.00075154	0.13490000	0.00048571	0.13490000	0.00012087	0.13490000	-0.00007874	0.13490000	-0.00131435	0.13490000	-0.00170272
0.13960000	-0.00001802	0.13960000	0.00106230	0.13960000	0.00039740	0.13960000	0.00010420	0.13960000	-0.00082600	0.13960000	0.00044235	0.13960000	0.00007100	0.13960000	-0.00015224	0.13960000	-0.00141047	0.13960000	-0.00180146
0.14430000	-0.00006314	0.14430000	0.00103059	0.14430000	0.00035289	0.14430000	0.00002478	0.14430000	-0.00090059	0.14430000	0.00039617	0.14430000	0.00002090	0.14430000	-0.00022142	0.14430000	-0.00150658	0.14430000	-0.00190001
0.14900000	-0.00011204	0.14900000	0.00099648	0.14900000	0.00030766	0.14900000	-0.00005767	0.14900000	-0.00097560	0.14900000	0.00035026	0.14900000	-0.00002736	0.14900000	-0.00029191	0.14900000	-0.00160414	0.14900000	-0.00200025
0.15370000	-0.00015762	0.15370000	0.00096545	0.15370000	0.00026424	0.15370000	-0.00014209	0.15370000	-0.00105004	0.15370000	0.00030533	0.15370000	-0.00007751	0.15370000	-0.00036263	0.15370000	-0.00170246	0.15370000	-0.00210008
0.15840000	-0.00020411	0.15840000	0.00093079	0.15840000	0.00022009	0.15840000	-0.00022257	0.15840000	-0.00112404	0.15840000	0.00025842	0.15840000	-0.00012661	0.15840000	-0.00043420	0.15840000	-0.00179998	0.15840000	-0.00220072
0.16310000	-0.00025013	0.16310000	0.00090020	0.16310000	0.00017353	0.16310000	-0.00030438	0.16310000	-0.00119905	0.16310000	0.00021169	0.16310000	-0.00017753	0.16310000	-0.00050591	0.16310000	-0.00189960	0.16310000	-0.00230224
0.16780000	-0.00029725	0.16780000	0.00086728	0.16780000	0.00012714	0.16780000	-0.00038817	0.16780000	-0.00127557	0.16780000	0.00016409	0.16780000	-0.00022789	0.16780000	-0.00057815	0.16780000	-0.00199896	0.16780000	-0.00240345
0.17250000	-0.00034460	0.17250000	0.00083422	0.17250000	0.00008048	0.17250000	-0.00047120	0.17250000	-0.00135010	0.17250000	0.00011681	0.17250000	-0.00027843	0.17250000	-0.00064954	0.17250000	-0.00210088	0.17250000	-0.00250682
0.17720000	-0.00039054	0.17720000	0.00079973	0.17720000	0.00003334	0.17720000	-0.00055398	0.17720000	-0.00142637	0.17720000	0.00006984	0.17720000	-0.00032982	0.17720000	-0.00072097	0.17720000	-0.00220191	0.17720000	-0.00261084
0.18190000	-0.00043855	0.18190000	0.00076687	0.18190000	-0.00001403	0.18190000	-0.00064056	0.18190000	-0.00150259	0.18190000	0.00002076	0.18190000	-0.00038018	0.18190000	-0.00079353	0.18190000	-0.00230424	0.18190000	-0.00271446
0.18660000	-0.00048604	0.18660000	0.00073158	0.18660000	-0.00006160	0.18660000	-0.00072608	0.18660000	-0.00157737	0.18660000	-0.00002648	0.18660000	-0.00043191	0.18660000	-0.00086699	0.18660000	-0.00240682	0.18660000	-0.00282169
0.19130000	-0.00053338	0.19130000	0.00069659	0.19130000	-0.00011236	0.19130000	-0.00081220	0.19130000	-0.00165416	0.19130000	-0.00007436	0.19130000	-0.00048429	0.19130000	-0.00093951	0.19130000	-0.00250976	0.19130000	-0.00292905
0.19595000	-0.00058006	0.19595000	0.00066166	0.19595000	-0.00016069	0.19595000	-0.00089752	0.19595000	-0.00172981	0.19595000	-0.00012423	0.19595000	-0.00053400	0.19595000	-0.00101263	0.19595000	-0.00261315	0.19595000	-0.00304976
0.20065000	-0.00062879	0.20065000	0.00062758	0.20065000	-0.00021067	0.20065000	-0.00098538	0.20065000	-0.00180681	0.20065000	-0.00017283	0.20065000	-0.00058662	0.20065000	-0.00108717	0.20065000	-0.00271782	0.20065000	-0.00316000
0.20535000	-0.00067734	0.20535000	0.00059001	0.20535000	-0.00026176	0.20535000	-0.00107458	0.20535000	-0.00188461	0.20535000	-0.00022251	0.20535000	-0.00063947	0.20535000	-0.00116303	0.20535000	-0.00282535	0.20535000	-0.00327033
0.21005000	-0.00072690	0.21005000	0.00055239	0.21005000	-0.00031221	0.21005000	-0.00116450	0.21005000	-0.00196452	0.21005000	-0.00027291	0.21005000	-0.00069295	0.21005000	-0.00123678	0.21005000	-0.00293366	0.21005000	-0.00338424
0.21475000	-0.00077587	0.21475000	0.00051434	0.21475000	-0.00036371	0.21475000	-0.00125433	0.21475000	-0.00204323	0.21475000	-0.00032444	0.21475000	-0.00074686	0.21475000	-0.00131280	0.21475000	-0.00304154	0.21475000	-0.00349798
0.21945000	-0.00082619	0.21945000	0.00047681	0.21945000	-0.00041554	0.21945000	-0.00134682	0.21945000	-0.00212122	0.21945000	-0.00037597	0.21945000	-0.00080082	0.21945000	-0.00138755	0.21945000	-0.00315192	0.21945000	-0.00361425
0.22415000	-0.00087668	0.22415000	0.00043664	0.22415000	-0.00046808	0.22415000	-0.00144004	0.22415000	-0.00220137	0.22415000	-0.00042813	0.22415000	-0.00085527	0.22415000	-0.00146448	0.22415000	-0.00326378	0.22415000	-0.00373286
0.22885000	-0.00092734	0.22885000	0.00039884	0.22885000	-0.00052214	0.22885000	-0.00153528	0.22885000	-0.00228072	0.22885000	-0.00048012	0.22885000	-0.00090986	0.22885000	-0.00154199	0.22885000	-0.00337652	0.22885000	-0.00385281
0.23355000	-0.00097737	0.23355000	0.00035912	0.23355000	-0.00057619	0.23355000	-0.00163288	0.23355000	-0.00236242	0.23355000	-0.00053372	0.23355000	-0.00096414	0.23355000	-0.00162047	0.23355000	-0.00349143	0.23355000	-0.00397441
0.23825000	-0.00102951	0.23825000	0.00031893	0.23825000	-0.00063082	0.23825000	-0.00172829	0.23825000	-0.00244359	0.23825000	-0.00058865	0.23825000	-0.00101992	0.23825000	-0.00170012	0.23825000	-0.00360649	0.23825000	-0.00409974
0.24295000	-0.00108168	0.24295000	0.00027689	0.24295000	-0.00068746	0.24295000	-0.00182716	0.24295000	-0.00252670	0.24295000	-0.00064473	0.24295000	-0.00107598	0.24295000	-0.00177984	0.24295000	-0.00372506	0.24295000	-0.00422613
0.24765000	-0.00113503	0.24765000	0.00023524	0.24765000	-0.00074415	0.24765000	-0.00192632	0.24765000	-0.00261090	0.24765000	-0.00070061	0.24765000	-0.00113285	0.24765000	-0.00186033	0.24765000	-0.00384362	0.24765000	-0.00435691
0.25235000	-0.00118853	0.25235000	0.00019339	0.25235000	-0.00080153	0.25235000	-0.00202614	0.25235000	-0.00269482	0.25235000	-0.00075769	0.25235000	-0.00119025	0.25235000	-0.00194306	0.25235000	-0.00396604	0.25235000	-0.00449047
0.25705000	-0.00124174	0.25705000	0.00015038	0.25705000	-0.00086015	0.25705000	-0.00212951	0.25705000	-0.00277825	0.25705000	-0.00081543	0.25705000	-0.00125015	0.25705000	-0.00202546	0.25705000	-0.00408984	0.25705000	-0.00462800
0.26175000	-0.00129535	0.26175000	0.00010573	0.26175000	-0.00091958	0.26175000	-0.00223494	0.26175000	-0.00286484	0.26175000	-0.00087492	0.26175000	-0.00130950	0.26175000	-0.00210917	0.26175000	-0.00421558	0.26175000	-0.00476938
0.26645000	-0.00135183	0.26645000	0.00006042	0.26645000	-0.00098068	0.26645000	-0.00234060	0.26645000	-0.00295080	0.26645000	-0.00093540	0.26645000	-0.00136943	0.26645000	-0.00219404	0.26645000	-0.00434505	0.26645000	-0.00491545
0.27115000	-0.00140760	0.27115000	0.00001324	0.27115000	-0.00104139	0.27115000	-0.00244907	0.27115000	-0.00303808	0.27115000	-0.00099611	0.27115000	-0.00143027	0.27115000	-0.00228013	0.27115000	-0.00447669	0.27115000	-0.00506827
0.27585000	-0.00146413	0.27585000	-0.00003284	0.27585000	-0.00110492	0.27585000	-0.00255811	0.27585000	-0.00312608	0.27585000	-0.00105998	0.27585000	-0.00149183	0.27585000	-0.00236562	0.27585000	-0.00461040	0.27585000	-0.00522501
0.28055000	-0.00152158	0.28055000	-0.00008097	0.28055000	-0.00116782	0.28055000	-0.00267099	0.28055000	-0.00321658	0.28055000	-0.00112317	0.28055000	-0.00155562	0.28055000	-0.00245424	0.28055000	-0.00474738	0.28055000	-0.00538918
0.28525000	-0.00157982	0.28525000	-0.00013159	0.28525000	-0.00123217	0.28525000	-0.00278202	0.28525000	-0.00330680	0.28525000	-0.00118767	0.28525000	-0.00161965	0.28525000	-0.00254264	0.28525000	-0.00488841	0.28525000	-0.00555927
0.28995000	-0.00163858	0.28995000	-0.00018077	0.28995000	-0.00129774	0.28995000	-0.00289760	0.28995000	-0.00339963	0.28995000	-0.00125288	0.28995000	-0.00168395	0.28995000	-0.00263386	0.28995000	-0.00503379	0.28995000	-0.00573767
0.29465000	-0.00169859	0.29465000	-0.00023210	0.29465000	-0.00136490	0.29465000	-0.00301434	0.29465000	-0.00349342	0.29465000	-0.00132022	0.29465000	-0.00175136	0.29465000	-0.00272643	0.29465000	-0.00518210	0.29465000	-0.00592547
0.29935000	-0.00176021	0.29935000	-0.00028437	0.29935000	-0.00143256	0.29935000	-0.00313324	0.29935000	-0.00358819	0.29935000	-0.00138952	0.29935000	-0.00181724	0.29935000	-0.00281694	0.29935000	-0.00533663	0.29935000	-0.00612925
0.30405000	-0.00182261	0.30405000	-0.00033816	0.30405000	-0.00150139	0.30405000	-0.00325448	0.30405000	-0.00368745	0.30405000	-0.00145910	0.30405000	-0.00188479	0.30405000	-0.00291097	0.30405000	-0.00549568	0.30405000	-0.00634498
0.30870000	-0.00188466	0.30870000	-0.00039308	0.30870000	-0.00157101	0.30870000	-0.00337442	0.30870000	-0.00378277	0.30870000	-0.00152850	0.30870000	-0.00195296	0.30870000	-0.00300494	0.30870000	-0.00565706	0.30870000	-0.00656953
0.31340000	-0.00194929	0.31340000	-0.00044806	0.31340000	-0.00164201	0.31340000	-0.00349788	0.31340000	-0.00388265	0.31340000	-0.00160225	0.31340000	-0.00202327	0.31340000	-0.00310179	0.31340000	-0.00582526	0.31340000	-0.00681731
0.31810000	-0.00201524	0.31810000	-0.00050567	0.31810000	-0.00171544	0.31810000	-0.00362494	0.31810000	-0.00398235	0.31810000	-0.00167565	0.31810000	-0.00209487	0.31810000	-0.00319870	0.31810000	-0.00600553	0.31810000	-0.00708278
0.32280000	-0.00208239	0.32280000	-0.00056410	0.32280000	-0.00178972	0.32280000	-0.00375462	0.32280000	-0.00408390	0.32280000	-0.00175027	0.32280000	-0.00216852	0.32280000	-0.00329720	0.32280000	-0.00619511	0.32280000	-0.00737372
0.32750000	-0.00214916	0.32750000	-0.00062422	0.32750000	-0.00186539	0.32750000	-0.00388423	0.32750000	-0.00418696	0.32750000	-0.00182656	0.32750000	-0.00224289	0.32750000	-0.00339816	0.32750000	-0.00639372	0.32750000	-0.00772315
0.33220000	-0.00221813	0.33220000	-0.00068596	0.33220000	-0.00194243	0.33220000	-0.00401743	0.33220000	-0.00429242	0.33220000	-0.00190523	0.33220000	-0.00231942	0.33220000	-0.00350023	0.33220000	-0.00660368	0.33220000	-0.00813361
0.33690000	-0.00228848	0.33690000	-0.00074907	0.33690000	-0.00202074	0.33690000	-0.00415062	0.33690000	-0.00439814	0.33690000	-0.00198565	0.33690000	-0.00239655	0.33690000	-0.00360404	0.33690000	-0.00682818	0.33690000	-0.00863025
0.34160000	-0.00235936	0.34160000	-0.00081435	0.34160000	-0.00209945	0.34160000	-0.00428708	0.34160000	-0.00450656	0.34160000	-0.00206642	0.34160000	-0.00247520	0.34160000	-0.00370899	0.34160000	-0.00706891	0.34160000	-0.00927612
0.34630000	-0.00243121	0.34630000	-0.00088123	0.34630000	-0.00218065	0.34630000	-0.00442558	0.34630000	-0.00461773	0.34630000	-0.00215024	0.34630000	-0.00255533	0.34630000	-0.00381526	0.34630000	-0.00733344	0.34630000	-0.00978223
0.35100000	-0.00250485	0.35100000	-0.00094850	0.35100000	-0.00226317	0.35100000	-0.00456673	0.35100000	-0.00472959	0.35100000	-0.00223283	0.35100000	-0.00263739	0.35100000	-0.00392261	0.35100000	-0.00762604	0.35100000	-0.00999992
0.35570000	-0.00258041	0.35570000	-0.00101757	0.35570000	-0.00234671	0.35570000	-0.00471033	0.35570000	-0.00484321	0.35570000	-0.00231847	0.35570000	-0.00272114	0.35570000	-0.00403263	0.35570000	-0.00795063	0.35570000	-0.00999993
0.36040000	-0.00265896	0.36040000	-0.00108960	0.36040000	-0.00243176	0.36040000	-0.00485561	0.36040000	-0.00493244	0.36040000	-0.00240411	0.36040000	-0.00280649	0.36040000	-0.00414351	0.36040000	-0.00832256	0.36040000	-0.00999993
0.36510000	-0.00273693	0.36510000	-0.00116103	0.36510000	-0.00251884	0.36510000	-0.00500450	0.36510000	-0.00505010	0.36510000	-0.00249222	0.36510000	-0.00289412	0.36510000	-0.00425626	0.36510000	-0.00876184	0.36510000	-0.00999993
0.36980000	-0.00281808	0.36980000	-0.00123494	0.36980000	-0.00260791	0.36980000	-0.00515453	0.36980000	-0.00516946	0.36980000	-0.00258209	0.36980000	-0.00298181	0.36980000	-0.00436884	0.36980000	-0.00932065	0.36980000	-0.00999992
0.37450000	-0.00290037	0.37450000	-0.00131020	0.37450000	-0.00269752	0.37450000	-0.00530634	0.37450000	-0.00529147	0.37450000	-0.00267430	0.37450000	-0.00307208	0.37450000	-0.00448460	0.37450000	-0.00999993	0.37450000	-0.00999996
0.37920000	-0.00298342	0.37920000	-0.00138671	0.37920000	-0.00278822	0.37920000	-0.00546223	0.37920000	-0.00541720	0.37920000	-0.00276683	0.37920000	-0.00316484	0.37920000	-0.00460235	0.37920000	-0.00999993	0.37920000	-0.00999992
0.38390000	-0.00306801	0.38390000	-0.00146513	0.38390000	-0.00287971	0.38390000	-0.00561976	0.38390000	-0.00554535	0.38390000	-0.00286009	0.38390000	-0.00325769	0.38390000	-0.00472106	0.38390000	-0.00999992	0.38390000	-0.00999993
0.38860000	-0.00315593	0.38860000	-0.00154580	0.38860000	-0.00297395	0.38860000	-0.00578044	0.38860000	-0.00567950	0.38860000	-0.00295572	0.38860000	-0.00335410	0.38860000	-0.00484354	0.38860000	-0.00999992	0.38860000	-0.00999992
0.39330000	-0.00324448	0.39330000	-0.00162872	0.39330000	-0.00306902	0.39330000	-0.00594379	0.39330000	-0.00581503	0.39330000	-0.00305300	0.39330000	-0.00345252	0.39330000	-0.00496910	0.39330000	-0.00999992	0.39330000	-0.00999992
0.39800000	-0.00333585	0.39800000	-0.00171319	0.39800000	-0.00316675	0.39800000	-0.00610947	0.39800000	-0.00595254	0.39800000	-0.00315168	0.39800000	-0.00355094	0.39800000	-0.00509449	0.39800000	-0.00999992	0.39800000	-0.00999992
0.40270000	-0.00342865	0.40270000	-0.00179831	0.40270000	-0.00326465	0.40270000	-0.00627850	0.40270000	-0.00608524	0.40270000	-0.00325147	0.40270000	-0.00365231	0.40270000	-0.00522265	0.40270000	-0.00999992	0.40270000	-0.00999991
0.40740000	-0.00352397	0.40740000	-0.00188526	0.40740000	-0.00336528	0.40740000	-0.00644991	0.40740000	-0.00622452	0.40740000	-0.00335288	0.40740000	-0.00375599	0.40740000	-0.00535302	0.40740000	-0.00999992	0.40740000	-0.00999992
0.41210000	-0.00362215	0.41210000	-0.00197463	0.41210000	-0.00346711	0.41210000	-0.00662662	0.41210000	-0.00637245	0.41210000	-0.00345541	0.41210000	-0.00386221	0.41210000	-0.00548655	0.41210000	-0.00999991	0.41210000	-0.00999992
0.41680000	-0.00372225	0.41680000	-0.00206465	0.41680000	-0.00357334	0.41680000	-0.00680487	0.41680000	-0.00651963	0.41680000	-0.00356000	0.41680000	-0.00397079	0.41680000	-0.00562202	0.41680000	-0.00999991	0.41680000	-0.00999992
0.42150000	-0.00382525	0.42150000	-0.00215648	0.42150000	-0.00367897	0.42150000	-0.00698818	0.42150000	-0.00667648	0.42150000	-0.00366583	0.42150000	-0.00408137	0.42150000	-0.00576035	0.42150000	-0.00999992	0.42150000	-0.00999992
0.42615000	-0.00393092	0.42615000	-0.00224960	0.42615000	-0.00378608	0.42615000	-0.00717403	0.42615000	-0.00684926	0.42615000	-0.00377251	0.42615000	-0.00419308	0.42615000	-0.00590058	0.42615000	-0.00999993	0.42615000	-0.00999993
0.43085000	-0.00403984	0.43085000	-0.00234489	0.43085000	-0.00389586	0.43085000	-0.00736486	0.43085000	-0.00703434	0.43085000	-0.00388150	0.43085000	-0.00430875	0.43085000	-0.00604714	0.43085000	-0.00999992	0.43085000	-0.00999993
0.43555000	-0.00415089	0.43555000	-0.00244126	0.43555000	-0.00400837	0.43555000	-0.00756014	0.43555000	-0.00720018	0.43555000	-0.00399209	0.43555000	-0.00442619	0.43555000	-0.00619417	0.43555000	-0.00999993	0.43555000	-0.00999992
0.44025000	-0.00426523	0.44025000	-0.00254090	0.44025000	-0.00412262	0.44025000	-0.00776112	0.44025000	-0.00736784	0.44025000	-0.00410378	0.44025000	-0.00454729	0.44025000	-0.00634605	0.44025000	-0.00999992	0.44025000	-0.00999992
0.44495000	-0.00438211	0.44495000	-0.00264136	0.44495000	-0.00423862	0.44495000	-0.00796574	0.44495000	-0.00755026	0.44495000	-0.00421817	0.44495000	-0.00467107	0.44495000	-0.00650273	0.44495000	-0.00999992	0.44495000	-0.00999992
0.44965000	-0.00450385	0.44965000	-0.00274211	0.44965000	-0.00435586	0.44965000	-0.00817546	0.44965000	-0.00773858	0.44965000	-0.00433219	0.44965000	-0.00479582	0.44965000	-0.00666154	0.44965000	-0.00999991	0.44965000	-0.00999993
0.45435000	-0.00463006	0.45435000	-0.00284574	0.45435000	-0.00447662	0.45435000	-0.00839366	0.45435000	-0.00793140	0.45435000	-0.00444966	0.45435000	-0.00492564	0.45435000	-0.00682742	0.45435000	-0.00999992	0.45435000	-0.00999992
0.45905000	-0.00476182	0.45905000	-0.00295274	0.45905000	-0.00460015	0.45905000	-0.00861917	0.45905000	-0.00811568	0.45905000	-0.00456782	0.45905000	-0.00505823	0.45905000	-0.00699674	0.45905000	-0.00999992	0.45905000	-0.00999993
0.46375000	-0.00490000	0.46375000	-0.00305977	0.46375000	-0.00472647	0.46375000	-0.00885172	0.46375000	-0.00832263	0.46375000	-0.00468732	0.46375000	-0.00519471	0.46375000	-0.00717213	0.46375000	-0.00999991	0.46375000	-0.00999993
0.46845000	-0.00504318	0.46845000	-0.00316984	0.46845000	-0.00485393	0.46845000	-0.00909015	0.46845000	-0.00854106	0.46845000	-0.00480885	0.46845000	-0.00533567	0.46845000	-0.00735219	0.46845000	-0.00999992	0.46845000	-0.00999992
0.47315000	-0.00519433	0.47315000	-0.00328099	0.47315000	-0.00498640	0.47315000	-0.00934195	0.47315000	-0.00877015	0.47315000	-0.00493327	0.47315000	-0.00547918	0.47315000	-0.00753999	0.47315000	-0.00999992	0.47315000	-0.00999992
0.47785000	-0.00535383	0.47785000	-0.00339361	0.47785000	-0.00512159	0.47785000	-0.00960294	0.47785000	-0.00901031	0.47785000	-0.00505946	0.47785000	-0.00562722	0.47785000	-0.00773321	0.47785000	-0.00999992	0.47785000	-0.00999993
0.48255000	-0.00550158	0.48255000	-0.00350962	0.48255000	-0.00526035	0.48255000	-0.00987905	0.48255000	-0.00926953	0.48255000	-0.00518785	0.48255000	-0.00577970	0.48255000	-0.00793810	0.48255000	-0.00999990	0.48255000	-0.00999991
0.48725000	-0.00567773	0.48725000	-0.00362724	0.48725000	-0.00540083	0.48725000	-0.00999991	0.48725000	-0.00955585	0.48725000	-0.00531743	0.48725000	-0.00593627	0.48725000	-0.00815130	0.48725000	-0.00999991	0.48725000	-0.00999991
0.49195000	-0.00586641	0.49195000	-0.00374674	0.49195000	-0.00554571	0.49195000	-0.00999992	0.49195000	-0.00984680	0.49195000	-0.00544943	0.49195000	-0.00609841	0.49195000	-0.00837352	0.49195000	-0.00999991	0.49195000	-0.00999991
0.49665000	-0.00607030	0.49665000	-0.00386865	0.49665000	-0.00569511	0.49665000	-0.00999991	0.49665000	-0.00999992	0.49665000	-0.00558190	0.49665000	-0.00626708	0.49665000	-0.00860979	0.49665000	-0.00999992	0.49665000	-0.00999991
0.50135000	-0.00628838	0.50135000	-0.00399450	0.50135000	-0.00584776	0.50135000	-0.00999991	0.50135000	-0.00999991	0.50135000	-0.00571801	0.50135000	-0.00644185	0.50135000	-0.00885941	0.50135000	-0.00999992	0.50135000	-0.00999992
0.50605000	-0.00652539	0.50605000	-0.00412128	0.50605000	-0.00600606	0.50605000	-0.00999992	0.50605000	-0.00999993	0.50605000	-0.00585771	0.50605000	-0.00662422	0.50605000	-0.00912656	0.50605000	-0.00999991	0.50605000	-0.00999992
0.51075000	-0.00679255	0.51075000	-0.00425188	0.51075000	-0.00616778	0.51075000	-0.00999991	0.51075000	-0.00999992	0.51075000	-0.00599905	0.51075000	-0.00681532	0.51075000	-0.00941076	0.51075000	-0.00999992	0.51075000	-0.00999991
0.51545000	-0.00710673	0.51545000	-0.00438363	0.51545000	-0.00633679	0.51545000	-0.00999993	0.51545000	-0.00999991	0.51545000	-0.00614156	0.51545000	-0.00701427	0.51545000	-0.00971918	0.51545000	-0.00999992	0.51545000	-0.00999992
0.52015000	-0.00748140	0.52015000	-0.00451753	0.52015000	-0.00650260	0.52015000	-0.00999993	0.52015000	-0.00999992	0.52015000	-0.00628793	0.52015000	-0.00722273	0.52015000	-0.00999992	0.52015000	-0.00999991	0.52015000	-0.00999991
0.52485000	-0.00796579	0.52485000	-0.00465528	0.52485000	-0.00668698	0.52485000	-0.00999991	0.52485000	-0.00999991	0.52485000	-0.00643601	0.52485000	-0.00744452	0.52485000	-0.00999992	0.52485000	-0.00999993	0.52485000	-0.00999991
0.52955000	-0.00863525	0.52955000	-0.00479694	0.52955000	-0.00687744	0.52955000	-0.00999991	0.52955000	-0.00999991	0.52955000	-0.00658727	0.52955000	-0.00767653	0.52955000	-0.00999992	0.52955000	-0.00999992	0.52955000	-0.00999993
0.53425000	-0.00895673	0.53425000	-0.00494144	0.53425000	-0.00707564	0.53425000	-0.00999992	0.53425000	-0.00999990	0.53425000	-0.00674166	0.53425000	-0.00792377	0.53425000	-0.00999992	0.53425000	-0.00999992	0.53425000	-0.00999993
0.53895000	-0.00999987	0.53895000	-0.00509014	0.53895000	-0.00727596	0.53895000	-0.00999992	0.53895000	-0.00999993	0.53895000	-0.00690033	0.53895000	-0.00819025	0.53895000	-0.00999992	0.53895000	-0.00999992	0.53895000	-0.00999991
0.54360000	-0.00999989	0.54360000	-0.00524028	0.54360000	-0.00748329	0.54360000	-0.00999991	0.54360000	-0.00999992	0.54360000	-0.00706134	0.54360000	-0.00847284	0.54360000	-0.00999992	0.54360000	-0.00999991	0.54360000	-0.00999991
0.54830000	-0.00999991	0.54830000	-0.00539624	0.54830000	-0.00770734	0.54830000	-0.00999991	0.54830000	-0.00999992	0.54830000	-0.00722718	0.54830000	-0.00878379	0.54830000	-0.00999993	0.54830000	-0.00999992	0.54830000	-0.00999992
0.55300000	-0.00999992	0.55300000	-0.00555774	0.55300000	-0.00794483	0.55300000	-0.00999993	0.55300000	-0.00999992	0.55300000	-0.00739706	0.55300000	-0.00911786	0.55300000	-0.00999993	0.55300000	-0.00999993	0.55300000	-0.00999992
0.55770000	-0.00999991	0.55770000	-0.00572433	0.55770000	-0.00809400	0.55770000	-0.00999992	0.55770000	-0.00999992	0.55770000	-0.00757370	0.55770000	-0.00950145	0.55770000	-0.00999993	0.55770000	-0.00999993	0.55770000	-0.00999991
0.56240000	-0.00999991	0.56240000	-0.00589516	0.56240000	-0.00835516	0.56240000	-0.00999992	0.56240000	-0.00999992	0.56240000	-0.00775451	0.56240000	-0.00993438	0.56240000	-0.00999993	0.56240000	-0.00999991	0.56240000	-0.00999991
0.56710000	-0.00999992	0.56710000	-0.00607467	0.56710000	-0.00865508	0.56710000	-0.00999991	0.56710000	-0.00999992	0.56710000	-0.00794012	0.56710000	-0.00999992	0.56710000	-0.00999993	0.56710000	-0.00999992	0.56710000	-0.00999991
0.57180000	-0.00999991	0.57180000	-0.00626277	0.57180000	-0.00898700	0.57180000	-0.00999991	0.57180000	-0.00999992	0.57180000	-0.00812964	0.57180000	-0.00999993	0.57180000	-0.00999994	0.57180000	-0.00999992	0.57180000	-0.00999993
0.57650000	-0.00999991	0.57650000	-0.00645975	0.57650000	-0.00934671	0.57650000	-0.00999992	0.57650000	-0.00999993	0.57650000	-0.00832486	0.57650000	-0.00999992	0.57650000	-0.00999993	0.57650000	-0.00999992	0.57650000	-0.00999992
0.58120000	-0.00999991	0.58120000	-0.00666347	0.58120000	-0.00973859	0.58120000	-0.00999992	0.58120000	-0.00999993	0.58120000	-0.00852275	0.58120000	-0.00999992	0.58120000	-0.00999994	0.58120000	-0.00999992	0.58120000	-0.00999993
0.58590000	-0.00999990	0.58590000	-0.00687649	0.58590000	-0.00999992	0.58590000	-0.00999991	0.58590000	-0.00999993	0.58590000	-0.00872999	0.58590000	-0.00999991	0.58590000	-0.00999992	0.58590000	-0.00999992	0.58590000	-0.00999991
0.59060000	-0.00999992	0.59060000	-0.00709970	0.59060000	-0.00999993	0.59060000	-0.00999992	0.59060000	-0.00999993	0.59060000	-0.00894904	0.59060000	-0.00999991	0.59060000	-0.00999992	0.59060000	-0.00999992	0.59060000	-0.00999993
0.59530000	-0.00999992	0.59530000	-0.00732968	0.59530000	-0.00999992	0.59530000	-0.00999992	0.59530000	-0.00999991	0.59530000	-0.00917559	0.59530000	-0.00999993	0.59530000	-0.00999991	0.59530000	-0.00999992	0.59530000	-0.00999991
0.60000000	-0.00999991	0.60000000	-0.00750976	0.60000000	-0.00999993	0.60000000	-0.00999992	0.60000000	-0.00999991	0.60000000	-0.00941314	0.60000000	-0.00999992	0.60000000	-0.00999992	0.60000000	-0.00999991	0.60000000	-0.00999992
