Mo_room_400Sb_35Se_1 2026-07-09 12-37-33		Mo_room_400Sb_35Se_2 2026-07-09 12-39-10		Mo_room_400Sb_35Se_3 2026-07-09 12-40-56		Mo_room_400Sb_35Se_5 2026-07-09 12-44-35		Mo_room_400Sb_35Se_6 2026-07-09 12-46-48		Mo_room_400Sb_35Se_7 2026-07-09 12-48-47		Mo_room_400Sb_35Se_8 2026-07-09 12-49-56		Mo_room_400Sb_35Se_9 2026-07-09 12-51-28		Mo_room_400Sb_35Se_10 2026-07-09 12-54-37		Mo_room_400Sb_35Se_11 2026-07-09 12-55-41		Mo_room_400Sb_35Se_12 2026-07-09 12-57-17	
Vmeas	Imeas	Vmeas	Imeas	Vmeas	Imeas	Vmeas	Imeas	Vmeas	Imeas	Vmeas	Imeas	Vmeas	Imeas	Vmeas	Imeas	Vmeas	Imeas	Vmeas	Imeas	Vmeas	Imeas
-0.10000000	0.01000033	-0.10000000	0.01000034	-0.10000000	0.01000035	-0.10000000	0.01000034	-0.10000000	0.01000033	-0.10000000	0.01000033	-0.10000000	0.01000033	-0.10000000	0.01000012	-0.10000000	0.01000039	-0.10000000	0.01000032	-0.10000000	0.01000034
-0.09530000	0.01000034	-0.09530000	0.01000040	-0.09530000	0.01000034	-0.09530000	0.01000034	-0.09530000	0.01000031	-0.09530000	0.01000033	-0.09530000	0.01000033	-0.09530000	0.01000035	-0.09530000	0.01000030	-0.09530000	0.01000033	-0.09530000	0.01000034
-0.09060000	0.01000034	-0.09060000	0.01000034	-0.09060000	0.01000034	-0.09060000	0.01000033	-0.09060000	0.01000032	-0.09060000	0.01000033	-0.09060000	0.01000033	-0.09060000	0.01000033	-0.09060000	0.01000033	-0.09060000	0.01000033	-0.09060000	0.01000034
-0.08590000	0.01000034	-0.08590000	0.01000033	-0.08590000	0.01000034	-0.08590000	0.01000036	-0.08590000	0.01000030	-0.08590000	0.01000033	-0.08590000	0.01000033	-0.08590000	0.01000023	-0.08590000	0.01000035	-0.08590000	0.01000034	-0.08590000	0.01000033
-0.08120000	0.01000034	-0.08120000	0.01000035	-0.08120000	0.01000033	-0.08120000	0.01000033	-0.08120000	0.01000033	-0.08120000	0.01000033	-0.08120000	0.01000034	-0.08120000	0.01000031	-0.08120000	0.01000032	-0.08120000	0.01000033	-0.08120000	0.01000034
-0.07650000	0.01000033	-0.07650000	0.01000034	-0.07650000	0.01000034	-0.07650000	0.01000033	-0.07650000	0.01000032	-0.07650000	0.01000033	-0.07650000	0.01000033	-0.07650000	0.01000030	-0.07650000	0.01000033	-0.07650000	0.01000037	-0.07650000	0.01000034
-0.07180000	0.01000033	-0.07180000	0.01000035	-0.07180000	0.01000034	-0.07180000	0.01000038	-0.07180000	0.01000034	-0.07180000	0.01000034	-0.07180000	0.01000033	-0.07180000	0.01000021	-0.07180000	0.01000029	-0.07180000	0.01000034	-0.07180000	0.01000034
-0.06710000	0.01000034	-0.06710000	0.01000033	-0.06710000	0.01000034	-0.06710000	0.01000036	-0.06710000	0.01000032	-0.06710000	0.01000033	-0.06710000	0.01000033	-0.06710000	0.01000026	-0.06710000	0.01000035	-0.06710000	0.01000033	-0.06710000	0.01000034
-0.06240000	0.01000034	-0.06240000	0.01000034	-0.06240000	0.01000034	-0.06240000	0.01000033	-0.06240000	0.01000033	-0.06240000	0.01000034	-0.06240000	0.01000033	-0.06240000	0.01000031	-0.06240000	0.01000033	-0.06240000	0.01000039	-0.06240000	0.01000035
-0.05770000	0.01000034	-0.05770000	0.01000034	-0.05770000	0.01000034	-0.05770000	0.01000030	-0.05770000	0.01000033	-0.05770000	0.01000033	-0.05770000	0.01000033	-0.05770000	0.01000034	-0.05770000	0.01000033	-0.05770000	0.01000033	-0.05770000	0.01000034
-0.05300000	0.01000034	-0.05300000	0.01000033	-0.05300000	0.01000033	-0.05300000	0.01000033	-0.05300000	0.01000033	-0.05300000	0.01000033	-0.05300000	0.01000033	-0.05300000	0.01000030	-0.05300000	0.01000034	-0.05300000	0.01000039	-0.05300000	0.01000034
-0.04830000	0.01000034	-0.04830000	0.01000032	-0.04830000	0.01000034	-0.04830000	0.01000032	-0.04830000	0.01000032	-0.04830000	0.01000033	-0.04830000	0.01000033	-0.04830000	0.01000035	-0.04830000	0.01000037	-0.04830000	0.01000034	-0.04830000	0.01000034
-0.04360000	0.01000034	-0.04360000	0.01000035	-0.04360000	0.01000033	-0.04360000	0.01000031	-0.04360000	0.01000032	-0.04360000	0.01000033	-0.04360000	0.01000033	-0.04360000	0.01000040	-0.04360000	0.01000037	-0.04360000	0.01000027	-0.04360000	0.01000034
-0.03895000	0.01000034	-0.03895000	0.01000034	-0.03895000	0.01000033	-0.03895000	0.01000032	-0.03895000	0.01000032	-0.03895000	0.01000033	-0.03895000	0.01000034	-0.03895000	0.01000033	-0.03895000	0.01000034	-0.03895000	0.01000032	-0.03895000	0.01000034
-0.03425000	0.01000033	-0.03425000	0.01000037	-0.03425000	0.01000034	-0.03425000	0.00998554	-0.03425000	0.01000033	-0.03425000	0.01000033	-0.03425000	0.01000034	-0.03425000	0.01000036	-0.03425000	0.01000033	-0.03425000	0.01000033	-0.03425000	0.01000034
-0.02955000	0.01000034	-0.02955000	0.01000033	-0.02955000	0.01000034	-0.02955000	0.00809025	-0.02955000	0.01000032	-0.02955000	0.01000034	-0.02955000	0.01000034	-0.02955000	0.01000037	-0.02955000	0.01000033	-0.02955000	0.01000033	-0.02955000	0.01000040
-0.02485000	0.01000034	-0.02485000	0.00936406	-0.02485000	0.01000033	-0.02485000	0.00640279	-0.02485000	0.01000032	-0.02485000	0.01000034	-0.02485000	0.01000034	-0.02485000	0.01000034	-0.02485000	0.01000033	-0.02485000	0.01000033	-0.02485000	0.00848011
-0.02015000	0.01000034	-0.02015000	0.00754463	-0.02015000	0.01000033	-0.02015000	0.00493025	-0.02015000	0.01000034	-0.02015000	0.01000034	-0.02015000	0.01000034	-0.02015000	0.01000028	-0.02015000	0.01000035	-0.02015000	0.01000033	-0.02015000	0.00623015
-0.01545000	0.01000034	-0.01545000	0.00583079	-0.01545000	0.01000034	-0.01545000	0.00365187	-0.01545000	0.01000034	-0.01545000	0.01000033	-0.01545000	0.01000034	-0.01545000	0.01000030	-0.01545000	0.01000033	-0.01545000	0.01000016	-0.01545000	0.00441464
-0.01075000	0.01000040	-0.01075000	0.00422859	-0.01075000	0.00714275	-0.01075000	0.00253147	-0.01075000	0.01000036	-0.01075000	0.01000034	-0.01075000	0.01000034	-0.01075000	0.01000031	-0.01075000	0.01000032	-0.01075000	0.01000033	-0.01075000	0.00293580
-0.00605000	0.00996144	-0.00605000	0.00272630	-0.00605000	0.00289717	-0.00605000	0.00153251	-0.00605000	0.01000033	-0.00605000	0.01000034	-0.00605000	0.01000033	-0.00605000	0.00991571	-0.00605000	0.01000034	-0.00605000	0.01000031	-0.00605000	0.00169367
-0.00135000	0.00270141	-0.00135000	0.00131606	-0.00135000	0.00075441	-0.00135000	0.00061762	-0.00135000	0.00474862	-0.00135000	0.00473788	-0.00135000	0.00289395	-0.00135000	0.00288705	-0.00135000	0.00327659	-0.00135000	0.00488165	-0.00135000	0.00060660
0.00335000	-0.00462986	0.00335000	-0.00004834	0.00335000	-0.00036563	0.00335000	-0.00028206	0.00335000	-0.00944073	0.00335000	-0.00533184	0.00335000	-0.00504001	0.00335000	-0.00432189	0.00335000	-0.00658855	0.00335000	-0.00809264	0.00335000	-0.00043512
0.00805000	-0.00999998	0.00805000	-0.00141470	0.00805000	-0.00874501	0.00805000	-0.00126607	0.00805000	-0.00999995	0.00805000	-0.00999978	0.00805000	-0.00999991	0.00805000	-0.00999991	0.00805000	-0.00997633	0.00805000	-0.01000068	0.00805000	-0.00156146
0.01275000	-0.00999992	0.01275000	-0.00288024	0.01275000	-0.00999389	0.01275000	-0.00248061	0.01275000	-0.00999992	0.01275000	-0.00999989	0.01275000	-0.00999992	0.01275000	-0.00999806	0.01275000	-0.00999991	0.01275000	-0.00999992	0.01275000	-0.00306122
0.01745000	-0.00999992	0.01745000	-0.00449774	0.01745000	-0.00999995	0.01745000	-0.00408076	0.01745000	-0.00999992	0.01745000	-0.00999993	0.01745000	-0.00999993	0.01745000	-0.00999983	0.01745000	-0.00999993	0.01745000	-0.00999995	0.01745000	-0.00570389
0.02215000	-0.00999991	0.02215000	-0.00631150	0.02215000	-0.00999994	0.02215000	-0.00632447	0.02215000	-0.00999993	0.02215000	-0.00999998	0.02215000	-0.00999993	0.02215000	-0.00999986	0.02215000	-0.00999991	0.02215000	-0.00999991	0.02215000	-0.00999993
0.02685000	-0.00999992	0.02685000	-0.00840555	0.02685000	-0.00999993	0.02685000	-0.00999995	0.02685000	-0.00999992	0.02685000	-0.00999994	0.02685000	-0.00999993	0.02685000	-0.00999983	0.02685000	-0.00999992	0.02685000	-0.00999998	0.02685000	-0.00999992
0.03155000	-0.00999991	0.03155000	-0.00999997	0.03155000	-0.00999992	0.03155000	-0.00999992	0.03155000	-0.00999993	0.03155000	-0.00999992	0.03155000	-0.00999994	0.03155000	-0.00999963	0.03155000	-0.00999992	0.03155000	-0.00999989	0.03155000	-0.00999993
0.03625000	-0.00999992	0.03625000	-0.00999992	0.03625000	-0.00999993	0.03625000	-0.00999993	0.03625000	-0.00999993	0.03625000	-0.00999987	0.03625000	-0.00999994	0.03625000	-0.00999996	0.03625000	-0.00999812	0.03625000	-0.01000001	0.03625000	-0.00999992
0.04095000	-0.00999992	0.04095000	-0.00999995	0.04095000	-0.00999992	0.04095000	-0.00999992	0.04095000	-0.00999992	0.04095000	-0.00999993	0.04095000	-0.00999993	0.04095000	-0.00999992	0.04095000	-0.00999993	0.04095000	-0.00999975	0.04095000	-0.00999992
0.04565000	-0.00999992	0.04565000	-0.00999601	0.04565000	-0.00999993	0.04565000	-0.00999992	0.04565000	-0.00999993	0.04565000	-0.00999986	0.04565000	-0.00999992	0.04565000	-0.01000004	0.04565000	-0.00999993	0.04565000	-0.00999995	0.04565000	-0.00999992
0.05035000	-0.00999992	0.05035000	-0.00999872	0.05035000	-0.00999992	0.05035000	-0.00999993	0.05035000	-0.00999992	0.05035000	-0.00999992	0.05035000	-0.00999993	0.05035000	-0.00999986	0.05035000	-0.00999992	0.05035000	-0.00999992	0.05035000	-0.00999993
0.05505000	-0.00999992	0.05505000	-0.00999988	0.05505000	-0.00999992	0.05505000	-0.00999992	0.05505000	-0.00999992	0.05505000	-0.00999992	0.05505000	-0.00999993	0.05505000	-0.00999971	0.05505000	-0.00999991	0.05505000	-0.00999985	0.05505000	-0.00999993
0.05975000	-0.00999992	0.05975000	-0.00999990	0.05975000	-0.00999991	0.05975000	-0.00999993	0.05975000	-0.00999992	0.05975000	-0.00999989	0.05975000	-0.00999993	0.05975000	-0.00999993	0.05975000	-0.00999991	0.05975000	-0.00999992	0.05975000	-0.00999993
0.06445000	-0.00999991	0.06445000	-0.00999702	0.06445000	-0.00999993	0.06445000	-0.00999992	0.06445000	-0.00999993	0.06445000	-0.00999993	0.06445000	-0.00999992	0.06445000	-0.00999986	0.06445000	-0.00999992	0.06445000	-0.00999992	0.06445000	-0.00999993
0.06915000	-0.00999992	0.06915000	-0.00996583	0.06915000	-0.00999992	0.06915000	-0.00999991	0.06915000	-0.00999992	0.06915000	-0.00999989	0.06915000	-0.00999992	0.06915000	-0.00999990	0.06915000	-0.00999991	0.06915000	-0.00999994	0.06915000	-0.00999993
0.07385000	-0.00999993	0.07385000	-0.00999993	0.07385000	-0.00999992	0.07385000	-0.00999992	0.07385000	-0.00999992	0.07385000	-0.00999992	0.07385000	-0.00999992	0.07385000	-0.00999995	0.07385000	-0.00999991	0.07385000	-0.00999993	0.07385000	-0.00999992
0.07850000	-0.00999993	0.07850000	-0.00999993	0.07850000	-0.00999991	0.07850000	-0.00999994	0.07850000	-0.00999992	0.07850000	-0.00999994	0.07850000	-0.00999993	0.07850000	-0.00999985	0.07850000	-0.00999992	0.07850000	-0.00999992	0.07850000	-0.00999991
0.08320000	-0.00999993	0.08320000	-0.00999993	0.08320000	-0.00999993	0.08320000	-0.00999992	0.08320000	-0.00999992	0.08320000	-0.00999992	0.08320000	-0.00999991	0.08320000	-0.00999988	0.08320000	-0.00999992	0.08320000	-0.00999993	0.08320000	-0.00999992
0.08790000	-0.00999993	0.08790000	-0.00999992	0.08790000	-0.00999992	0.08790000	-0.00999992	0.08790000	-0.00999992	0.08790000	-0.00999993	0.08790000	-0.00999993	0.08790000	-0.00999991	0.08790000	-0.01000025	0.08790000	-0.00999993	0.08790000	-0.00999992
0.09260000	-0.00999992	0.09260000	-0.00999991	0.09260000	-0.00999992	0.09260000	-0.00999993	0.09260000	-0.00999992	0.09260000	-0.00999990	0.09260000	-0.00999993	0.09260000	-0.00999993	0.09260000	-0.00999991	0.09260000	-0.00999991	0.09260000	-0.00999991
0.09730000	-0.00999992	0.09730000	-0.00999990	0.09730000	-0.00999993	0.09730000	-0.00999992	0.09730000	-0.00999993	0.09730000	-0.00999992	0.09730000	-0.00999993	0.09730000	-0.00999989	0.09730000	-0.00999990	0.09730000	-0.00999993	0.09730000	-0.00999992
0.10200000	-0.00999992	0.10200000	-0.00999993	0.10200000	-0.00999992	0.10200000	-0.00999992	0.10200000	-0.00999992	0.10200000	-0.00999995	0.10200000	-0.00999993	0.10200000	-0.00999990	0.10200000	-0.00999986	0.10200000	-0.00999994	0.10200000	-0.00999993
0.10670000	-0.00999991	0.10670000	-0.00999993	0.10670000	-0.00999992	0.10670000	-0.00999993	0.10670000	-0.00999992	0.10670000	-0.00999993	0.10670000	-0.00999993	0.10670000	-0.00999991	0.10670000	-0.00999992	0.10670000	-0.00999990	0.10670000	-0.00999993
0.11140000	-0.00999992	0.11140000	-0.00999992	0.11140000	-0.00999992	0.11140000	-0.00999992	0.11140000	-0.00999993	0.11140000	-0.00999996	0.11140000	-0.00999993	0.11140000	-0.00999991	0.11140000	-0.00999991	0.11140000	-0.00999995	0.11140000	-0.00999993
0.11610000	-0.00999991	0.11610000	-0.00999994	0.11610000	-0.00999992	0.11610000	-0.00999992	0.11610000	-0.00999993	0.11610000	-0.00999990	0.11610000	-0.00999993	0.11610000	-0.00999991	0.11610000	-0.00999992	0.11610000	-0.00999992	0.11610000	-0.00999993
0.12080000	-0.00999992	0.12080000	-0.00999991	0.12080000	-0.00999992	0.12080000	-0.00999992	0.12080000	-0.00999993	0.12080000	-0.00999993	0.12080000	-0.00999992	0.12080000	-0.00999990	0.12080000	-0.00999991	0.12080000	-0.00999991	0.12080000	-0.00999994
0.12550000	-0.00999992	0.12550000	-0.00999991	0.12550000	-0.00999991	0.12550000	-0.00999992	0.12550000	-0.00999993	0.12550000	-0.00999992	0.12550000	-0.00999992	0.12550000	-0.00999990	0.12550000	-0.00999992	0.12550000	-0.00999992	0.12550000	-0.00999992
0.13020000	-0.00999993	0.13020000	-0.00994111	0.13020000	-0.00999993	0.13020000	-0.00999991	0.13020000	-0.00999992	0.13020000	-0.00999991	0.13020000	-0.00999993	0.13020000	-0.00999991	0.13020000	-0.00999992	0.13020000	-0.00999992	0.13020000	-0.00999992
0.13490000	-0.00999992	0.13490000	-0.00999990	0.13490000	-0.00999992	0.13490000	-0.00999992	0.13490000	-0.00999992	0.13490000	-0.00999992	0.13490000	-0.00999993	0.13490000	-0.00999991	0.13490000	-0.00999991	0.13490000	-0.00999993	0.13490000	-0.00999993
0.13960000	-0.00999992	0.13960000	-0.00999993	0.13960000	-0.00999993	0.13960000	-0.00999992	0.13960000	-0.00999993	0.13960000	-0.00999994	0.13960000	-0.00999994	0.13960000	-0.01000007	0.13960000	-0.00999992	0.13960000	-0.00999994	0.13960000	-0.00999992
0.14430000	-0.00999994	0.14430000	-0.00999993	0.14430000	-0.00999994	0.14430000	-0.00999992	0.14430000	-0.00999993	0.14430000	-0.00999994	0.14430000	-0.00999993	0.14430000	-0.00999982	0.14430000	-0.00999992	0.14430000	-0.00999990	0.14430000	-0.00999992
0.14900000	-0.00999992	0.14900000	-0.00999991	0.14900000	-0.00999993	0.14900000	-0.00999993	0.14900000	-0.00999992	0.14900000	-0.00999994	0.14900000	-0.00999993	0.14900000	-0.00999987	0.14900000	-0.00999992	0.14900000	-0.00999991	0.14900000	-0.00999991
0.15370000	-0.00999993	0.15370000	-0.00999992	0.15370000	-0.00999991	0.15370000	-0.00999992	0.15370000	-0.00999992	0.15370000	-0.00999995	0.15370000	-0.00999994	0.15370000	-0.01000006	0.15370000	-0.00999991	0.15370000	-0.00999991	0.15370000	-0.00999991
0.15840000	-0.00999992	0.15840000	-0.00999992	0.15840000	-0.00999992	0.15840000	-0.00999992	0.15840000	-0.00999993	0.15840000	-0.00999993	0.15840000	-0.00999993	0.15840000	-0.00999984	0.15840000	-0.00999992	0.15840000	-0.00999989	0.15840000	-0.00999991
0.16310000	-0.00999992	0.16310000	-0.00999991	0.16310000	-0.00999992	0.16310000	-0.00999991	0.16310000	-0.00999993	0.16310000	-0.00999994	0.16310000	-0.00999994	0.16310000	-0.00999988	0.16310000	-0.00999991	0.16310000	-0.00999989	0.16310000	-0.00999992
0.16780000	-0.00999992	0.16780000	-0.00999992	0.16780000	-0.00999992	0.16780000	-0.00999992	0.16780000	-0.00999995	0.16780000	-0.00999995	0.16780000	-0.00999992	0.16780000	-0.00999991	0.16780000	-0.00999992	0.16780000	-0.00999989	0.16780000	-0.00999992
0.17250000	-0.00999992	0.17250000	-0.00999993	0.17250000	-0.00999992	0.17250000	-0.00999991	0.17250000	-0.00999993	0.17250000	-0.00999995	0.17250000	-0.00999992	0.17250000	-0.00999989	0.17250000	-0.00999991	0.17250000	-0.00999992	0.17250000	-0.00999992
0.17720000	-0.00999992	0.17720000	-0.00999992	0.17720000	-0.00999992	0.17720000	-0.00999992	0.17720000	-0.00999993	0.17720000	-0.01000003	0.17720000	-0.00999992	0.17720000	-0.00999991	0.17720000	-0.00999990	0.17720000	-0.00999992	0.17720000	-0.00999993
0.18190000	-0.00999992	0.18190000	-0.00999991	0.18190000	-0.00999991	0.18190000	-0.00999992	0.18190000	-0.00999994	0.18190000	-0.00999984	0.18190000	-0.00999991	0.18190000	-0.00999991	0.18190000	-0.00999992	0.18190000	-0.00999992	0.18190000	-0.00999993
0.18660000	-0.00999993	0.18660000	-0.00999990	0.18660000	-0.00999991	0.18660000	-0.00999993	0.18660000	-0.00999993	0.18660000	-0.00999991	0.18660000	-0.00999992	0.18660000	-0.00999991	0.18660000	-0.00999991	0.18660000	-0.00999992	0.18660000	-0.00999992
0.19130000	-0.00999993	0.19130000	-0.00999996	0.19130000	-0.00999992	0.19130000	-0.00999992	0.19130000	-0.00999993	0.19130000	-0.00999988	0.19130000	-0.00999992	0.19130000	-0.00999991	0.19130000	-0.00999991	0.19130000	-0.00999993	0.19130000	-0.00999991
0.19595000	-0.00999993	0.19595000	-0.00999939	0.19595000	-0.00999991	0.19595000	-0.00999992	0.19595000	-0.00999993	0.19595000	-0.00999991	0.19595000	-0.00999992	0.19595000	-0.00999992	0.19595000	-0.00999992	0.19595000	-0.00999992	0.19595000	-0.00999990
0.20065000	-0.00999992	0.20065000	-0.00999992	0.20065000	-0.00999991	0.20065000	-0.00999991	0.20065000	-0.00999992	0.20065000	-0.00999998	0.20065000	-0.00999992	0.20065000	-0.00999998	0.20065000	-0.00999990	0.20065000	-0.00999993	0.20065000	-0.00999991
0.20535000	-0.00999992	0.20535000	-0.00999991	0.20535000	-0.00999992	0.20535000	-0.00999992	0.20535000	-0.00999992	0.20535000	-0.00999995	0.20535000	-0.00999992	0.20535000	-0.00999994	0.20535000	-0.00999991	0.20535000	-0.00999992	0.20535000	-0.00999992
0.21005000	-0.00999992	0.21005000	-0.00999992	0.21005000	-0.00999991	0.21005000	-0.00999992	0.21005000	-0.00999992	0.21005000	-0.00999995	0.21005000	-0.00999992	0.21005000	-0.00999992	0.21005000	-0.00999991	0.21005000	-0.00999991	0.21005000	-0.00999990
0.21475000	-0.00999991	0.21475000	-0.00999991	0.21475000	-0.00999991	0.21475000	-0.00999992	0.21475000	-0.00999993	0.21475000	-0.00999986	0.21475000	-0.00999992	0.21475000	-0.00999987	0.21475000	-0.00999992	0.21475000	-0.00999993	0.21475000	-0.00999992
0.21945000	-0.00999992	0.21945000	-0.00999989	0.21945000	-0.00999992	0.21945000	-0.00999992	0.21945000	-0.00999992	0.21945000	-0.00999993	0.21945000	-0.00999992	0.21945000	-0.00999986	0.21945000	-0.00999991	0.21945000	-0.00999992	0.21945000	-0.00999991
0.22415000	-0.00999992	0.22415000	-0.00999989	0.22415000	-0.00999991	0.22415000	-0.00999992	0.22415000	-0.00999992	0.22415000	-0.00999993	0.22415000	-0.00999992	0.22415000	-0.00999990	0.22415000	-0.00999991	0.22415000	-0.00999991	0.22415000	-0.00999992
0.22885000	-0.00999992	0.22885000	-0.00999992	0.22885000	-0.00999992	0.22885000	-0.00999991	0.22885000	-0.00999991	0.22885000	-0.00999990	0.22885000	-0.00999990	0.22885000	-0.00999991	0.22885000	-0.00999991	0.22885000	-0.00999992	0.22885000	-0.00999991
0.23355000	-0.00999992	0.23355000	-0.00999991	0.23355000	-0.00999991	0.23355000	-0.00999992	0.23355000	-0.00999993	0.23355000	-0.00999989	0.23355000	-0.00999992	0.23355000	-0.00999991	0.23355000	-0.00999991	0.23355000	-0.00999992	0.23355000	-0.00999991
0.23825000	-0.00999993	0.23825000	-0.00999990	0.23825000	-0.00999991	0.23825000	-0.00999992	0.23825000	-0.00999993	0.23825000	-0.00999996	0.23825000	-0.00999992	0.23825000	-0.00999990	0.23825000	-0.00999991	0.23825000	-0.00999992	0.23825000	-0.00999991
0.24295000	-0.00999992	0.24295000	-0.00999992	0.24295000	-0.00999991	0.24295000	-0.00999992	0.24295000	-0.00999992	0.24295000	-0.00999994	0.24295000	-0.00999992	0.24295000	-0.00999992	0.24295000	-0.00999992	0.24295000	-0.00999991	0.24295000	-0.00999991
0.24765000	-0.00999991	0.24765000	-0.00999992	0.24765000	-0.00999990	0.24765000	-0.00999992	0.24765000	-0.00999992	0.24765000	-0.00999992	0.24765000	-0.00999991	0.24765000	-0.00999991	0.24765000	-0.00999991	0.24765000	-0.00999992	0.24765000	-0.00999991
0.25235000	-0.00999991	0.25235000	-0.00999991	0.25235000	-0.00999991	0.25235000	-0.00999993	0.25235000	-0.00999994	0.25235000	-0.00999991	0.25235000	-0.00999992	0.25235000	-0.00999991	0.25235000	-0.00999991	0.25235000	-0.00999992	0.25235000	-0.00999992
0.25705000	-0.00999992	0.25705000	-0.00999991	0.25705000	-0.00999991	0.25705000	-0.00999992	0.25705000	-0.00999993	0.25705000	-0.00999992	0.25705000	-0.00999993	0.25705000	-0.00999992	0.25705000	-0.00999991	0.25705000	-0.00999992	0.25705000	-0.00999991
0.26175000	-0.00999991	0.26175000	-0.01000021	0.26175000	-0.00999991	0.26175000	-0.00999992	0.26175000	-0.00999993	0.26175000	-0.00999991	0.26175000	-0.00999992	0.26175000	-0.00999991	0.26175000	-0.00999991	0.26175000	-0.00999992	0.26175000	-0.00999990
0.26645000	-0.00999991	0.26645000	-0.00999992	0.26645000	-0.00999991	0.26645000	-0.00999992	0.26645000	-0.00999993	0.26645000	-0.00999996	0.26645000	-0.00999993	0.26645000	-0.00999991	0.26645000	-0.00999991	0.26645000	-0.00999991	0.26645000	-0.00999992
0.27115000	-0.00999992	0.27115000	-0.00999992	0.27115000	-0.00999991	0.27115000	-0.00999991	0.27115000	-0.00999993	0.27115000	-0.01000005	0.27115000	-0.00999993	0.27115000	-0.00999991	0.27115000	-0.00999992	0.27115000	-0.00999995	0.27115000	-0.00999992
0.27585000	-0.00999993	0.27585000	-0.00999991	0.27585000	-0.00999992	0.27585000	-0.00999992	0.27585000	-0.00999994	0.27585000	-0.00999990	0.27585000	-0.00999993	0.27585000	-0.00999992	0.27585000	-0.00999991	0.27585000	-0.00999993	0.27585000	-0.00999992
0.28055000	-0.00999991	0.28055000	-0.00999992	0.28055000	-0.00999992	0.28055000	-0.00999992	0.28055000	-0.00999992	0.28055000	-0.00999992	0.28055000	-0.00999993	0.28055000	-0.00999992	0.28055000	-0.00999993	0.28055000	-0.00999994	0.28055000	-0.00999993
0.28525000	-0.00999991	0.28525000	-0.00999991	0.28525000	-0.00999991	0.28525000	-0.00999992	0.28525000	-0.00999992	0.28525000	-0.00999991	0.28525000	-0.00999992	0.28525000	-0.00999992	0.28525000	-0.00999992	0.28525000	-0.00999996	0.28525000	-0.00999992
0.28995000	-0.00999992	0.28995000	-0.00999992	0.28995000	-0.00999993	0.28995000	-0.00999993	0.28995000	-0.00999993	0.28995000	-0.00999991	0.28995000	-0.00999993	0.28995000	-0.00999991	0.28995000	-0.00999991	0.28995000	-0.00999994	0.28995000	-0.00999991
0.29465000	-0.00999991	0.29465000	-0.00999992	0.29465000	-0.00999992	0.29465000	-0.00999991	0.29465000	-0.00999993	0.29465000	-0.00999991	0.29465000	-0.00999992	0.29465000	-0.00999986	0.29465000	-0.00999992	0.29465000	-0.00999990	0.29465000	-0.00999993
0.29935000	-0.00999992	0.29935000	-0.00999992	0.29935000	-0.00999991	0.29935000	-0.00999991	0.29935000	-0.00999992	0.29935000	-0.00999991	0.29935000	-0.00999993	0.29935000	-0.00999997	0.29935000	-0.00999993	0.29935000	-0.00999994	0.29935000	-0.00999992
0.30405000	-0.00999991	0.30405000	-0.00999991	0.30405000	-0.00999991	0.30405000	-0.00999992	0.30405000	-0.00999992	0.30405000	-0.00999989	0.30405000	-0.00999993	0.30405000	-0.00999988	0.30405000	-0.00999992	0.30405000	-0.00999983	0.30405000	-0.00999992
0.30870000	-0.00999991	0.30870000	-0.00999992	0.30870000	-0.00999992	0.30870000	-0.00999992	0.30870000	-0.00999991	0.30870000	-0.00999992	0.30870000	-0.00999993	0.30870000	-0.00999985	0.30870000	-0.00999992	0.30870000	-0.00999994	0.30870000	-0.00999991
0.31340000	-0.00999991	0.31340000	-0.00999992	0.31340000	-0.00999991	0.31340000	-0.00999991	0.31340000	-0.00999991	0.31340000	-0.00999998	0.31340000	-0.00999991	0.31340000	-0.00999997	0.31340000	-0.00999991	0.31340000	-0.00999994	0.31340000	-0.00999992
0.31810000	-0.00999992	0.31810000	-0.00999991	0.31810000	-0.00999991	0.31810000	-0.00999991	0.31810000	-0.00999992	0.31810000	-0.00999988	0.31810000	-0.00999993	0.31810000	-0.00999987	0.31810000	-0.00999992	0.31810000	-0.00999994	0.31810000	-0.00999991
0.32280000	-0.00999991	0.32280000	-0.00999992	0.32280000	-0.00999991	0.32280000	-0.00999991	0.32280000	-0.00999992	0.32280000	-0.00999994	0.32280000	-0.00999992	0.32280000	-0.00999991	0.32280000	-0.00999993	0.32280000	-0.00999994	0.32280000	-0.00999991
0.32750000	-0.00999992	0.32750000	-0.00999991	0.32750000	-0.00999993	0.32750000	-0.00999991	0.32750000	-0.00999992	0.32750000	-0.00999989	0.32750000	-0.00999993	0.32750000	-0.00999989	0.32750000	-0.00999992	0.32750000	-0.00999992	0.32750000	-0.00999991
0.33220000	-0.00999992	0.33220000	-0.00999991	0.33220000	-0.00999992	0.33220000	-0.00999992	0.33220000	-0.00999991	0.33220000	-0.00999988	0.33220000	-0.00999992	0.33220000	-0.00999991	0.33220000	-0.00999991	0.33220000	-0.00999991	0.33220000	-0.00999991
0.33690000	-0.00999991	0.33690000	-0.00999991	0.33690000	-0.00999992	0.33690000	-0.00999992	0.33690000	-0.00999991	0.33690000	-0.00999979	0.33690000	-0.00999992	0.33690000	-0.00999992	0.33690000	-0.00999991	0.33690000	-0.00999993	0.33690000	-0.00999992
0.34160000	-0.00999991	0.34160000	-0.00999991	0.34160000	-0.00999992	0.34160000	-0.00999991	0.34160000	-0.00999991	0.34160000	-0.01000002	0.34160000	-0.00999993	0.34160000	-0.00999985	0.34160000	-0.00999991	0.34160000	-0.00999992	0.34160000	-0.00999992
0.34630000	-0.00999990	0.34630000	-0.00999990	0.34630000	-0.00999991	0.34630000	-0.00999992	0.34630000	-0.00999992	0.34630000	-0.00999992	0.34630000	-0.00999993	0.34630000	-0.00999993	0.34630000	-0.00999991	0.34630000	-0.00999992	0.34630000	-0.00999993
0.35100000	-0.00999992	0.35100000	-0.00999991	0.35100000	-0.00999992	0.35100000	-0.00999992	0.35100000	-0.00999992	0.35100000	-0.01000000	0.35100000	-0.00999992	0.35100000	-0.00999988	0.35100000	-0.00999991	0.35100000	-0.00999991	0.35100000	-0.00999992
0.35570000	-0.00999992	0.35570000	-0.00999991	0.35570000	-0.00999992	0.35570000	-0.00999992	0.35570000	-0.00999993	0.35570000	-0.01000005	0.35570000	-0.00999991	0.35570000	-0.00999991	0.35570000	-0.00999992	0.35570000	-0.00999992	0.35570000	-0.00999992
0.36040000	-0.00999991	0.36040000	-0.00999990	0.36040000	-0.00999991	0.36040000	-0.00999991	0.36040000	-0.00999992	0.36040000	-0.01000004	0.36040000	-0.00999993	0.36040000	-0.00999993	0.36040000	-0.00999990	0.36040000	-0.00999991	0.36040000	-0.00999993
0.36510000	-0.00999992	0.36510000	-0.00999990	0.36510000	-0.00999992	0.36510000	-0.00999992	0.36510000	-0.00999992	0.36510000	-0.00999988	0.36510000	-0.00999992	0.36510000	-0.00999990	0.36510000	-0.00999991	0.36510000	-0.00999992	0.36510000	-0.00999992
0.36980000	-0.00999991	0.36980000	-0.00999990	0.36980000	-0.00999992	0.36980000	-0.00999992	0.36980000	-0.00999990	0.36980000	-0.00999989	0.36980000	-0.00999993	0.36980000	-0.00999989	0.36980000	-0.00999992	0.36980000	-0.00999992	0.36980000	-0.00999991
0.37450000	-0.00999992	0.37450000	-0.00999987	0.37450000	-0.00999991	0.37450000	-0.00999992	0.37450000	-0.00999991	0.37450000	-0.00999993	0.37450000	-0.00999992	0.37450000	-0.00999988	0.37450000	-0.00999992	0.37450000	-0.00999992	0.37450000	-0.00999992
0.37920000	-0.00999991	0.37920000	-0.00999992	0.37920000	-0.00999992	0.37920000	-0.00999992	0.37920000	-0.00999991	0.37920000	-0.00999987	0.37920000	-0.00999992	0.37920000	-0.00999990	0.37920000	-0.00999992	0.37920000	-0.00999993	0.37920000	-0.00999992
0.38390000	-0.00999990	0.38390000	-0.00999991	0.38390000	-0.00999992	0.38390000	-0.00999992	0.38390000	-0.00999991	0.38390000	-0.00999986	0.38390000	-0.00999992	0.38390000	-0.00999990	0.38390000	-0.00999991	0.38390000	-0.00999992	0.38390000	-0.00999991
0.38860000	-0.00999990	0.38860000	-0.00999988	0.38860000	-0.00999992	0.38860000	-0.00999991	0.38860000	-0.00999991	0.38860000	-0.00999980	0.38860000	-0.00999992	0.38860000	-0.00999992	0.38860000	-0.00999991	0.38860000	-0.00999993	0.38860000	-0.00999992
0.39330000	-0.00999991	0.39330000	-0.00999991	0.39330000	-0.00999991	0.39330000	-0.00999992	0.39330000	-0.00999991	0.39330000	-0.00999976	0.39330000	-0.00999992	0.39330000	-0.00999990	0.39330000	-0.00999991	0.39330000	-0.00999993	0.39330000	-0.00999992
0.39800000	-0.00999991	0.39800000	-0.00999991	0.39800000	-0.00999991	0.39800000	-0.00999991	0.39800000	-0.00999992	0.39800000	-0.00999992	0.39800000	-0.00999991	0.39800000	-0.00999991	0.39800000	-0.00999991	0.39800000	-0.00999992	0.39800000	-0.00999992
0.40270000	-0.00999990	0.40270000	-0.00999991	0.40270000	-0.00999991	0.40270000	-0.00999990	0.40270000	-0.00999992	0.40270000	-0.00999982	0.40270000	-0.00999992	0.40270000	-0.00999997	0.40270000	-0.00999991	0.40270000	-0.00999992	0.40270000	-0.00999991
0.40740000	-0.00999991	0.40740000	-0.00999991	0.40740000	-0.00999990	0.40740000	-0.00999990	0.40740000	-0.00999992	0.40740000	-0.01000002	0.40740000	-0.00999991	0.40740000	-0.00999989	0.40740000	-0.00999992	0.40740000	-0.00999992	0.40740000	-0.00999992
0.41210000	-0.00999990	0.41210000	-0.00999992	0.41210000	-0.00999991	0.41210000	-0.00999991	0.41210000	-0.00999992	0.41210000	-0.00999989	0.41210000	-0.00999992	0.41210000	-0.00999993	0.41210000	-0.00999992	0.41210000	-0.00999990	0.41210000	-0.00999992
0.41680000	-0.00999990	0.41680000	-0.00999991	0.41680000	-0.00999991	0.41680000	-0.00999991	0.41680000	-0.00999991	0.41680000	-0.00999995	0.41680000	-0.00999992	0.41680000	-0.00999987	0.41680000	-0.00999992	0.41680000	-0.00999991	0.41680000	-0.00999992
0.42150000	-0.00999990	0.42150000	-0.00999991	0.42150000	-0.00999991	0.42150000	-0.00999990	0.42150000	-0.00999991	0.42150000	-0.00999992	0.42150000	-0.00999991	0.42150000	-0.00999989	0.42150000	-0.00999991	0.42150000	-0.00999994	0.42150000	-0.00999991
0.42615000	-0.00999990	0.42615000	-0.00999991	0.42615000	-0.00999992	0.42615000	-0.00999991	0.42615000	-0.00999992	0.42615000	-0.00999991	0.42615000	-0.00999991	0.42615000	-0.00999988	0.42615000	-0.00999990	0.42615000	-0.00999991	0.42615000	-0.00999991
0.43085000	-0.00999990	0.43085000	-0.00999991	0.43085000	-0.00999991	0.43085000	-0.00999992	0.43085000	-0.00999992	0.43085000	-0.00999990	0.43085000	-0.00999992	0.43085000	-0.00999989	0.43085000	-0.00999990	0.43085000	-0.00999992	0.43085000	-0.00999991
0.43555000	-0.00999992	0.43555000	-0.00999990	0.43555000	-0.00999990	0.43555000	-0.00999990	0.43555000	-0.00999992	0.43555000	-0.00999990	0.43555000	-0.00999992	0.43555000	-0.00999989	0.43555000	-0.00999990	0.43555000	-0.00999991	0.43555000	-0.00999991
0.44025000	-0.00999990	0.44025000	-0.00999991	0.44025000	-0.00999991	0.44025000	-0.00999991	0.44025000	-0.00999991	0.44025000	-0.00999991	0.44025000	-0.00999991	0.44025000	-0.00999988	0.44025000	-0.00999992	0.44025000	-0.00999992	0.44025000	-0.00999991
0.44495000	-0.00999991	0.44495000	-0.00999987	0.44495000	-0.00999991	0.44495000	-0.00999990	0.44495000	-0.00999992	0.44495000	-0.00999991	0.44495000	-0.00999991	0.44495000	-0.00999988	0.44495000	-0.00999991	0.44495000	-0.00999993	0.44495000	-0.00999991
0.44965000	-0.00999990	0.44965000	-0.00999994	0.44965000	-0.00999992	0.44965000	-0.00999991	0.44965000	-0.00999992	0.44965000	-0.00999991	0.44965000	-0.00999992	0.44965000	-0.00999990	0.44965000	-0.00999992	0.44965000	-0.00999992	0.44965000	-0.00999991
0.45435000	-0.00999991	0.45435000	-0.00999994	0.45435000	-0.00999991	0.45435000	-0.00999991	0.45435000	-0.00999992	0.45435000	-0.00999991	0.45435000	-0.00999992	0.45435000	-0.00999988	0.45435000	-0.00999991	0.45435000	-0.00999991	0.45435000	-0.00999991
0.45905000	-0.00999991	0.45905000	-0.00999992	0.45905000	-0.00999991	0.45905000	-0.00999992	0.45905000	-0.00999993	0.45905000	-0.00999991	0.45905000	-0.00999991	0.45905000	-0.00999990	0.45905000	-0.00999990	0.45905000	-0.00999992	0.45905000	-0.00999992
0.46375000	-0.00999992	0.46375000	-0.00999995	0.46375000	-0.00999992	0.46375000	-0.00999991	0.46375000	-0.00999992	0.46375000	-0.00999991	0.46375000	-0.00999991	0.46375000	-0.00999990	0.46375000	-0.00999992	0.46375000	-0.00999991	0.46375000	-0.00999991
0.46845000	-0.00999990	0.46845000	-0.00999995	0.46845000	-0.00999991	0.46845000	-0.00999992	0.46845000	-0.00999991	0.46845000	-0.00999991	0.46845000	-0.00999992	0.46845000	-0.00999988	0.46845000	-0.00999990	0.46845000	-0.00999993	0.46845000	-0.00999990
0.47315000	-0.00999990	0.47315000	-0.00999987	0.47315000	-0.00999990	0.47315000	-0.00999991	0.47315000	-0.00999992	0.47315000	-0.00999991	0.47315000	-0.00999991	0.47315000	-0.00999990	0.47315000	-0.00999989	0.47315000	-0.00999991	0.47315000	-0.00999990
0.47785000	-0.00999990	0.47785000	-0.00999994	0.47785000	-0.00999991	0.47785000	-0.00999990	0.47785000	-0.00999992	0.47785000	-0.00999991	0.47785000	-0.00999991	0.47785000	-0.00999990	0.47785000	-0.00999991	0.47785000	-0.00999992	0.47785000	-0.00999990
0.48255000	-0.00999991	0.48255000	-0.00999991	0.48255000	-0.00999991	0.48255000	-0.00999991	0.48255000	-0.00999992	0.48255000	-0.00999992	0.48255000	-0.00999990	0.48255000	-0.00999990	0.48255000	-0.00999990	0.48255000	-0.00999992	0.48255000	-0.00999992
0.48725000	-0.00999990	0.48725000	-0.00999996	0.48725000	-0.00999991	0.48725000	-0.00999992	0.48725000	-0.00999992	0.48725000	-0.00999992	0.48725000	-0.00999992	0.48725000	-0.00999989	0.48725000	-0.00999991	0.48725000	-0.00999992	0.48725000	-0.00999991
0.49195000	-0.00999990	0.49195000	-0.00999993	0.49195000	-0.00999991	0.49195000	-0.00999991	0.49195000	-0.00999993	0.49195000	-0.00999991	0.49195000	-0.00999990	0.49195000	-0.00999990	0.49195000	-0.00999990	0.49195000	-0.00999991	0.49195000	-0.00999992
0.49665000	-0.00999990	0.49665000	-0.00999996	0.49665000	-0.00999990	0.49665000	-0.00999991	0.49665000	-0.00999992	0.49665000	-0.00999992	0.49665000	-0.00999991	0.49665000	-0.00999989	0.49665000	-0.00999991	0.49665000	-0.00999991	0.49665000	-0.00999990
0.50135000	-0.00999990	0.50135000	-0.00999991	0.50135000	-0.00999991	0.50135000	-0.00999991	0.50135000	-0.00999991	0.50135000	-0.00999990	0.50135000	-0.00999992	0.50135000	-0.00999991	0.50135000	-0.00999992	0.50135000	-0.00999993	0.50135000	-0.00999992
0.50605000	-0.00999991	0.50605000	-0.00999991	0.50605000	-0.00999991	0.50605000	-0.00999991	0.50605000	-0.00999991	0.50605000	-0.00999991	0.50605000	-0.00999991	0.50605000	-0.00999989	0.50605000	-0.00999990	0.50605000	-0.00999992	0.50605000	-0.00999991
0.51075000	-0.00999990	0.51075000	-0.00999995	0.51075000	-0.00999989	0.51075000	-0.00999990	0.51075000	-0.00999991	0.51075000	-0.00999988	0.51075000	-0.00999991	0.51075000	-0.00999992	0.51075000	-0.00999989	0.51075000	-0.00999991	0.51075000	-0.00999991
0.51545000	-0.00999990	0.51545000	-0.00999990	0.51545000	-0.00999991	0.51545000	-0.00999991	0.51545000	-0.00999991	0.51545000	-0.00999983	0.51545000	-0.00999991	0.51545000	-0.00999989	0.51545000	-0.00999991	0.51545000	-0.00999991	0.51545000	-0.00999992
0.52015000	-0.00999991	0.52015000	-0.00999989	0.52015000	-0.00999991	0.52015000	-0.00999991	0.52015000	-0.00999992	0.52015000	-0.00999990	0.52015000	-0.00999992	0.52015000	-0.00999990	0.52015000	-0.00999990	0.52015000	-0.00999992	0.52015000	-0.00999991
0.52485000	-0.00999991	0.52485000	-0.00999994	0.52485000	-0.00999991	0.52485000	-0.00999991	0.52485000	-0.00999991	0.52485000	-0.00999991	0.52485000	-0.00999992	0.52485000	-0.00999990	0.52485000	-0.00999991	0.52485000	-0.00999991	0.52485000	-0.00999991
0.52955000	-0.00999991	0.52955000	-0.00999985	0.52955000	-0.00999991	0.52955000	-0.00999992	0.52955000	-0.00999992	0.52955000	-0.00999990	0.52955000	-0.00999991	0.52955000	-0.00999991	0.52955000	-0.00999989	0.52955000	-0.00999991	0.52955000	-0.00999991
0.53425000	-0.00999991	0.53425000	-0.00999990	0.53425000	-0.00999992	0.53425000	-0.00999992	0.53425000	-0.00999993	0.53425000	-0.00999991	0.53425000	-0.00999991	0.53425000	-0.00999991	0.53425000	-0.00999990	0.53425000	-0.00999991	0.53425000	-0.00999992
0.53895000	-0.00999990	0.53895000	-0.00999990	0.53895000	-0.00999991	0.53895000	-0.00999992	0.53895000	-0.00999992	0.53895000	-0.00999991	0.53895000	-0.00999990	0.53895000	-0.00999989	0.53895000	-0.00999990	0.53895000	-0.00999991	0.53895000	-0.00999991
0.54360000	-0.00999989	0.54360000	-0.00999991	0.54360000	-0.00999992	0.54360000	-0.00999992	0.54360000	-0.00999992	0.54360000	-0.00999991	0.54360000	-0.00999991	0.54360000	-0.00999991	0.54360000	-0.00999991	0.54360000	-0.00999992	0.54360000	-0.00999992
0.54830000	-0.00999991	0.54830000	-0.00999990	0.54830000	-0.00999991	0.54830000	-0.00999991	0.54830000	-0.00999992	0.54830000	-0.00999990	0.54830000	-0.00999991	0.54830000	-0.00999995	0.54830000	-0.00999990	0.54830000	-0.00999993	0.54830000	-0.00999991
0.55300000	-0.00999991	0.55300000	-0.00999990	0.55300000	-0.00999991	0.55300000	-0.00999992	0.55300000	-0.00999991	0.55300000	-0.00999991	0.55300000	-0.00999991	0.55300000	-0.00999991	0.55300000	-0.00999990	0.55300000	-0.00999992	0.55300000	-0.00999990
0.55770000	-0.00999991	0.55770000	-0.00999991	0.55770000	-0.00999991	0.55770000	-0.00999992	0.55770000	-0.00999993	0.55770000	-0.00999991	0.55770000	-0.00999991	0.55770000	-0.00999990	0.55770000	-0.00999991	0.55770000	-0.00999991	0.55770000	-0.00999989
0.56240000	-0.00999992	0.56240000	-0.00999989	0.56240000	-0.00999991	0.56240000	-0.00999990	0.56240000	-0.00999992	0.56240000	-0.00999991	0.56240000	-0.00999990	0.56240000	-0.01000114	0.56240000	-0.00999991	0.56240000	-0.00999990	0.56240000	-0.00999990
0.56710000	-0.00999991	0.56710000	-0.00999990	0.56710000	-0.00999991	0.56710000	-0.00999992	0.56710000	-0.00999992	0.56710000	-0.00999991	0.56710000	-0.00999991	0.56710000	-0.00999991	0.56710000	-0.00999991	0.56710000	-0.00999991	0.56710000	-0.00999991
0.57180000	-0.00999991	0.57180000	-0.00999990	0.57180000	-0.00999991	0.57180000	-0.00999992	0.57180000	-0.00999992	0.57180000	-0.00999991	0.57180000	-0.00999992	0.57180000	-0.00999993	0.57180000	-0.00999990	0.57180000	-0.00999991	0.57180000	-0.00999990
0.57650000	-0.00999991	0.57650000	-0.00999990	0.57650000	-0.00999991	0.57650000	-0.00999993	0.57650000	-0.00999991	0.57650000	-0.00999990	0.57650000	-0.00999991	0.57650000	-0.01000000	0.57650000	-0.00999989	0.57650000	-0.00999990	0.57650000	-0.00999990
0.58120000	-0.00999991	0.58120000	-0.00999990	0.58120000	-0.00999990	0.58120000	-0.00999992	0.58120000	-0.00999992	0.58120000	-0.00999990	0.58120000	-0.00999992	0.58120000	-0.00999999	0.58120000	-0.00999990	0.58120000	-0.00999990	0.58120000	-0.00999990
0.58590000	-0.00999989	0.58590000	-0.00999991	0.58590000	-0.00999991	0.58590000	-0.00999991	0.58590000	-0.00999991	0.58590000	-0.00999991	0.58590000	-0.00999990	0.58590000	-0.00999985	0.58590000	-0.00999991	0.58590000	-0.00999991	0.58590000	-0.00999990
0.59060000	-0.00999990	0.59060000	-0.00999991	0.59060000	-0.00999991	0.59060000	-0.00999991	0.59060000	-0.00999992	0.59060000	-0.00999990	0.59060000	-0.00999992	0.59060000	-0.00999989	0.59060000	-0.00999991	0.59060000	-0.00999991	0.59060000	-0.00999990
0.59530000	-0.00999991	0.59530000	-0.00999990	0.59530000	-0.00999990	0.59530000	-0.00999990	0.59530000	-0.00999991	0.59530000	-0.00999991	0.59530000	-0.00999991	0.59530000	-0.00999987	0.59530000	-0.00999990	0.59530000	-0.00999990	0.59530000	-0.00999990
0.60000000	-0.00999991	0.60000000	-0.00999991	0.60000000	-0.00999990	0.60000000	-0.00999991	0.60000000	-0.00999990	0.60000000	-0.01000002	0.60000000	-0.00999991	0.60000000	-0.00999984	0.60000000	-0.00999989	0.60000000	-0.00999992	0.60000000	-0.00999990
